Time;Set robot speed along X axis;Set robot speed along Y axis;Set rotational robot velocity;1st motor set speed;2st motor set speed;3st motor set speed;1st motor position;2nd motor position;3rd motor position;1st motor velocity;2nd motor velocity;3rd motor velocity;1st motor current;2nd motor current;3rd motor current;X axis current;Y axis curent;Rotational current;X axis global position;Y axis global position;Angle;Delta X axis local position;Delta Y axis local position;Delta angle;
ms;m/s;m/s;rad/s;rad/s;rad/s;rad/s;ticks;ticks;ticks;rad/s;rad/s;rad/s;A;A;A;A;A;A;pix;pix;deg;mm;mm;deg;
t;xsetspeed;ysetspeed;setvel;m1setvel;m2setvel;m3setvel;m1pos;m2pos;m3pos;m1vel;m2vel;m3vel;m1cur;m2cur;m3cur;xcur;ycur;rotcur;xpos;ypos;ang;dx;dy;dang;
0.013;0.0707107;-0.0707107;0;-38.637;28.2843;10.3528;5;4;0;0;0;0;0.025641;0.025641;0.025641;0;0;0;1172.11;918.585;32.4385;0.346934;-0.220498;-0.280888;
26.768;0.0707107;-0.0707107;0;-38.637;28.2843;10.3528;5;4;0;0;0;0;0.025641;0.025641;0.025641;0;0;0;1171.89;919.032;32.3747;-0.473851;0.788025;-0.0637283;
57.1031;0.0707107;-0.0707107;0;-38.637;28.2843;10.3528;5;4;0;0;0;0;0.025641;0.025641;0.025641;0;0;0;1171.89;919.032;32.3747;-0;0;0;
89.1692;0.0707107;-0.0707107;0;-38.637;28.2843;10.3528;5;4;0;0;0;0;0;0;0;0;0;0;1171.89;918.809;32.0938;0.348254;-0.218407;-0.280888;
120.912;0.0707107;-0.0707107;0;-38.637;28.2843;10.3528;-149;90;24;-25.4469;19.792;2.82743;1.15385;1.35897;0.435897;0.917282;-1.14551;0.213675;1172.11;918.809;32.7194;-0.222595;-0.346469;0.625504;
157.505;0.0707107;-0.0707107;0;-38.637;28.2843;10.3528;-462;302;77;-28.2743;16.9646;2.82743;1.15385;1.28205;0.435897;0.917282;-1.09421;0.188034;1171.89;918.361;32.0939;0.915306;-0.0879366;-0.625412;
198.725;0.0707107;-0.0707107;0;-38.637;28.2843;10.3528;-778;530;129;-25.4469;22.6195;5.65487;1.51282;1.17949;0.512821;1.16879;-1.11972;0.0598291;1172.34;917.914;32.0914;0.258958;-1.13456;-0.00258255;
229.734;0.0707107;-0.0707107;0;-38.637;28.2843;10.3528;-1078;739;187;-31.1018;16.9646;5.65487;1.25641;1.28205;0.358974;0.932077;-1.15397;0.128205;1172.79;917.019;32.0938;0.955226;-1.57127;0.00248337;
261.896;0.0707107;-0.0707107;0;-38.637;28.2843;10.3528;-1244;849;220;-25.4469;19.792;8.4823;1.41026;1.38462;0.435897;1.06523;-1.248;0.136752;1173.01;916.348;32.4385;0.819908;-1.00905;0.344612;
293.738;0.0707107;-0.0707107;0;-38.637;28.2843;10.3528;-1542;1061;274;-25.4469;16.9646;2.82743;1.41026;1.4359;0.435897;1.06523;-1.28221;0.153846;1173.01;915.676;32.7194;1.03755;-0.666587;0.280899;
325.316;0.0707107;-0.0707107;0;-38.637;28.2843;10.3528;-1848;1266;332;-25.4469;22.6195;5.65487;1.28205;1.33333;0.435897;0.991256;-1.1711;0.162393;1173.23;914.781;32.0938;1.17424;-1.22226;-0.625504;
356.29;0.0707107;-0.0707107;0;-38.637;28.2843;10.3528;-2161;1476;394;-31.1018;16.9646;8.4823;1.15385;1.12821;0.307692;0.843308;-1.03428;0.0940171;1173.91;914.334;32.1576;0.0383406;-1.48368;0.0637245;
386.273;0.0707107;-0.0707107;0;-38.637;28.2843;10.3528;-2305;1577;429;-25.4469;16.9646;5.65487;1.33333;1.51282;0.230769;0.902487;-1.37621;0.136752;1173.68;913.886;32.0939;0.915425;-0.0877463;-0.063633;
417.276;0.0707107;-0.0707107;0;-38.637;28.2843;10.3528;-2600;1776;495;-25.4469;16.9646;2.82743;1.33333;1.46154;0.358974;0.976462;-1.29931;0.162393;1173.91;912.991;32.7194;1.16068;-1.23544;0.62542;
448.275;0.0707107;-0.0707107;0;-38.637;28.2843;10.3528;-2899;1972;554;-22.6195;16.9646;5.65487;1.20513;1.23077;0.333333;0.887692;-1.11123;0.119658;1174.35;912.32;31.7414;0.615473;-1.34922;-0.977913;
479.271;0.0707107;-0.0707107;0;-38.637;28.2843;10.3528;-3045;2067;585;-25.4469;14.1372;5.65487;1.38462;1.5641;0.307692;0.976462;-1.40187;0.162393;1174.58;911.649;32.0938;0.826082;-1.00391;0.352364;
509.323;0.0707107;-0.0707107;0;-38.637;28.2843;10.3528;-3364;2278;650;-28.2743;19.792;5.65487;1.02564;1.33333;0.282051;0.754539;-1.13695;0.196581;1174.8;910.754;31.4593;1.18768;-1.20943;-0.634537;
539.248;0.0707107;-0.0707107;0;-38.637;28.2843;10.3528;-3690;2495;725;-28.2743;19.792;5.65487;1.20513;1.07692;0.230769;0.828513;-1.04277;0.0341881;1175.02;908.964;32.0939;2.56713;-2.09608;0.634624;
569.267;0.0707107;-0.0707107;0;-38.637;28.2843;10.3528;-4012;2719;789;-28.2743;16.9646;5.65487;1.15385;1.05128;0.333333;0.858103;-0.974436;0.0769231;1175.69;908.069;32.7193;0.715611;-1.92819;0.625423;
600.324;0.0707107;-0.0707107;0;-38.637;28.2843;10.3528;-4185;2839;825;-31.1018;19.792;5.65487;1.02564;1.15385;0.282051;0.754539;-1.01723;0.136752;1175.92;907.397;32.1536;0.824914;-1.00496;-0.565697;
632.28;0.0707107;-0.0707107;0;-38.637;28.2843;10.3528;-4510;3075;893;-25.4469;16.9646;5.65487;1.17949;1.05128;0.282051;0.843308;-1.00005;0.051282;1176.37;906.279;32.0938;1.30358;-1.78973;-0.0598145;
664.262;0.0707107;-0.0707107;0;-38.637;28.2843;10.3528;-4686;3188;929;-31.1018;19.792;5.65487;0.948718;0.897436;0.230769;0.680564;-0.837667;0.0598291;1176.37;906.279;32.0938;0;0;0;
694.251;0.0707107;-0.0707107;0;-38.637;28.2843;10.3528;-5024;3426;1003;-28.2743;22.6195;5.65487;1.25641;0.871795;0.282051;0.887692;-0.905949;-0.034188;1176.14;904.713;31.5281;2.668;-1.15362;-0.565668;
726.263;0.0707107;-0.0707107;0;-38.637;28.2843;10.3528;-5355;3652;1066;-31.1018;19.792;5.65487;0.846154;0.923077;0.282051;0.650974;-0.803538;0.119658;1176.81;903.37;32.1536;1.43067;-2.35857;0.62546;
758.314;0.0707107;-0.0707107;0;-38.637;28.2843;10.3528;-5690;3885;1132;-28.2743;22.6195;5.65487;1.20513;0.923077;0.333333;0.887692;-0.906;0.017094;1176.81;902.923;32.1537;0.695956;-0.437481;6.48499e-05;
789.273;0.0707107;-0.0707107;0;-38.637;28.2843;10.3528;-5849;4000;1166;-31.1018;19.792;5.65487;1;1.07692;0.333333;0.769333;-0.940308;0.136752;1177.26;901.804;32.0938;1.30367;-1.78979;-0.0598183;
819.302;0.0707107;-0.0707107;0;-38.637;28.2843;10.3528;-6170;4234;1232;-28.2743;22.6195;5.65487;1.23077;1.07692;0.461538;0.976462;-0.974462;0.102564;1177.26;901.133;31.8131;1.04796;-0.650093;-0.280775;
851.292;0.0707107;-0.0707107;0;-38.637;28.2843;10.3528;-6486;4477;1283;-25.4469;22.6195;5.65487;1.30769;0.871795;0.410256;0.991256;-0.880333;-0.008547;1177.48;900.014;32.1576;1.52077;-1.44255;0.344488;
883.259;0.0707107;-0.0707107;0;-38.637;28.2843;10.3528;-6801;4726;1334;-28.2743;22.6195;2.82743;1.25641;0.820513;0.435897;0.976462;-0.820513;9.93411e-09;1178.16;899.343;31.813;0.3967;-1.69993;-0.344517;
914.309;0.0707107;-0.0707107;0;-38.637;28.2843;10.3528;-6953;4845;1361;-28.2743;19.792;2.82743;1.4359;0.820513;0.435897;1.08003;-0.880282;-0.0598291;1178.16;898.448;31.8131;1.39728;-0.866791;2.09808e-05;
944.308;0.0707107;-0.0707107;0;-38.637;28.2843;10.3528;-7258;5086;1423;-25.4469;22.6195;5.65487;1.64103;1.10256;0.282051;1.10962;-1.18795;-0.0854701;1178.38;897.776;32.1576;0.824844;-1.00502;0.344519;
974.819;0.0707107;-0.0707107;0;-38.637;28.2843;10.3528;-7552;5325;1492;-25.4469;19.792;5.65487;1.33333;1.15385;0.410256;1.00605;-1.077;0.0769231;1178.6;896.434;32.0939;1.87072;-1.65932;-0.0636444;
1007.01;0.0707107;-0.0707107;0;-38.637;28.2843;10.3528;-7715;5443;1522;-28.2743;22.6195;5.65487;1.4359;0.74359;0.358974;1.03564;-0.85459;-0.111111;1178.83;895.539;31.8077;1.18031;-1.21663;-0.286205;
1037.85;0.0707107;-0.0707107;0;-38.637;28.2843;10.3528;-8029;5686;1594;-25.4469;19.792;5.65487;1.4359;0.794872;0.153846;0.917282;-0.957103;-0.162393;1179.28;894.42;32.4385;1.29269;-1.79748;0.630741;
1068.42;0.0707107;-0.0707107;0;-38.637;28.2843;10.3528;-8344;5920;1677;-28.2743;19.792;5.65487;1;0.871795;0.0512821;0.60659;-0.89741;-0.025641;1179.28;894.42;32.4385;0;0;0;
1098.43;0.0707107;-0.0707107;0;-38.637;28.2843;10.3528;-8671;6162;1757;-28.2743;19.792;5.65487;1.07692;0.820513;0.153846;0.710154;-0.854667;-0.034188;1179.5;893.749;31.874;0.829808;-1.00092;-0.564449;
1130.44;0.0707107;-0.0707107;0;-38.637;28.2843;10.3528;-8830;6284;1793;-28.2743;22.6195;8.4823;0.948718;0.974359;0.25641;0.695359;-0.880436;0.0940171;1179.5;892.63;31.8091;1.74667;-1.08337;-0.0649605;
1161.47;0.0707107;-0.0707107;0;-38.637;28.2843;10.3528;-9165;6531;1871;-31.1018;22.6195;5.65487;1.05128;0.974359;0.102564;0.665769;-0.965821;0.00854701;1179.72;891.511;31.8077;1.52955;-1.43323;-0.00132751;
1193.4;0.0707107;-0.0707107;0;-38.637;28.2843;10.3528;-9507;6780;1955;-28.2743;19.792;5.65487;1.05128;0.871795;0.0769231;0.650974;-0.905949;-0.034188;1179.95;890.616;32.0939;1.17421;-1.22251;0.286163;
1225.41;0.0707107;-0.0707107;0;-38.637;28.2843;10.3528;-9669;6897;1994;-28.2743;22.6195;5.65487;1.05128;0.666667;0.230769;0.739744;-0.717897;-0.051282;1180.84;889.274;32.0938;1.21433;-2.70596;-9.15527e-05;
1255.66;0.0707107;-0.0707107;0;-38.637;28.2843;10.3528;-10007;7130;2059;-28.2743;22.6195;5.65487;1.10256;0.923077;0.282051;0.798923;-0.888923;0.034188;1180.84;888.602;31.813;1.04796;-0.650092;-0.280794;
1285.45;0.0707107;-0.0707107;0;-38.637;28.2843;10.3528;-10342;7361;2124;-31.1018;16.9646;5.65487;0.897436;1;0.282051;0.680564;-0.871923;0.128205;1181.06;887.484;32.1575;1.52099;-1.44241;0.344522;
1315.43;0.0707107;-0.0707107;0;-38.637;28.2843;10.3528;-10503;7473;2153;-28.2743;19.792;5.65487;1.33333;1.20513;0.333333;0.961667;-1.13682;0.0683761;1181.29;886.812;32.1536;0.824699;-1.00509;-0.00393677;
1346.43;0.0707107;-0.0707107;0;-38.637;28.2843;10.3528;-10830;7695;2215;-31.1018;19.792;5.65487;1;1.05128;0.487179;0.858103;-0.871974;0.179487;1181.06;885.917;32.4384;1.60875;-0.534243;0.284821;
1378.61;0.0707107;-0.0707107;0;-38.637;28.2843;10.3528;-11153;7910;2264;-28.2743;22.6195;5.65487;0.974359;1.05128;0.615385;0.917282;-0.820744;0.230769;1181.74;884.799;31.8741;1.09295;-2.13469;-0.564352;
1410.55;0.0707107;-0.0707107;0;-38.637;28.2843;10.3528;-11311;8016;2285;-28.2743;19.792;5.65487;1.12821;1.41026;0.589744;0.991256;-1.11995;0.290598;1181.51;884.127;31.5282;1.26664;-0.293661;-0.345911;
1440.88;0.0707107;-0.0707107;0;-38.637;28.2843;10.3528;-11637;8237;2332;-25.4469;19.792;2.82743;0.923077;1.12821;0.487179;0.813718;-0.897667;0.230769;1181.96;883.456;32.1575;0.605469;-1.35353;0.629375;
1472.26;0.0707107;-0.0707107;0;-38.637;28.2843;10.3528;-11948;8465;2386;-28.2743;19.792;5.65487;1.35897;1.05128;0.384615;1.00605;-1.02567;0.025641;1182.18;882.338;32.1537;1.52084;-1.44269;-0.0038681;
1502.27;0.0707107;-0.0707107;0;-38.637;28.2843;10.3528;-12264;8687;2448;-25.4469;16.9646;5.65487;1.4359;0.897436;0.384615;1.05044;-0.948667;-0.0512821;1182.41;881.443;31.5282;1.18634;-1.21066;-0.625467;
1532.21;0.0707107;-0.0707107;0;-38.637;28.2843;10.3528;-12425;8803;2479;-28.2743;16.9646;5.65487;1.20513;1.17949;0.512821;0.991256;-1.01726;0.162393;1182.41;881.443;31.5282;0;0;0;
1563.24;0.0707107;-0.0707107;0;-38.637;28.2843;10.3528;-12727;9025;2534;-25.4469;19.792;5.65487;1.46154;1.23077;0.461538;1.10962;-1.15392;0.0769231;1182.85;879.653;32.4385;0.819908;-1.00905;0.564354;
1595.23;0.0707107;-0.0707107;0;-38.637;28.2843;10.3528;-13042;9263;2593;-25.4469;19.792;5.65487;1.58974;1;0.358974;1.12441;-1.07685;-0.0769231;1183.3;878.981;31.4592;0.622111;-1.34617;-0.979218;
1627.22;0.0707107;-0.0707107;0;-38.637;28.2843;10.3528;-13195;9373;2622;-28.2743;19.792;5.65487;1.4359;0.897436;0.410256;1.06523;-0.940128;-0.0427351;1183.3;878.981;31.4592;0;0;0;
1658.21;0.0707107;-0.0707107;0;-38.637;28.2843;10.3528;-13507;9609;2680;-28.2743;19.792;5.65487;1.51282;0.897436;0.487179;1.154;-0.940128;-0.042735;1184.2;877.191;31.4592;0.40719;-1.69745;-0.694439;
1688.23;0.0707107;-0.0707107;0;-38.637;28.2843;10.3528;-13809;9847;2739;-25.4469;22.6195;2.82743;1.33333;0.897436;0.461538;1.03564;-0.888897;0.008547;1184.2;877.191;31.4592;0;0;0;
1720.18;0.0707107;-0.0707107;0;-38.637;28.2843;10.3528;-14105;10086;2794;-25.4469;22.6195;5.65487;1.20513;0.846154;0.461538;0.961667;-0.812;0.034188;1184.87;876.744;31.874;0.0458014;-1.48329;0.414799;
1752.26;0.0707107;-0.0707107;0;-38.637;28.2843;10.3528;-14265;10204;2822;-28.2743;22.6195;5.65487;1.58974;0.948718;0.487179;1.19838;-0.999949;-0.0512821;1184.65;875.849;32.1576;1.61123;-0.526542;0.283569;
1784.18;0.0707107;-0.0707107;0;-38.637;28.2843;10.3528;-14571;10451;2879;-28.2743;22.6195;5.65487;1.25641;0.794872;0.358974;0.932077;-0.829026;-0.034188;1185.32;875.177;31.813;0.396818;-1.69974;-0.344547;
1816.21;0.0707107;-0.0707107;0;-38.637;28.2843;10.3528;-14873;10699;2938;-28.2743;22.6195;5.65487;1.17949;0.846154;0.410256;0.917282;-0.820539;0.025641;1185.54;874.282;32.4384;1.16684;-1.22955;0.625385;
1847.21;0.0707107;-0.0707107;0;-38.637;28.2843;10.3528;-15182;10940;2984;-28.2743;22.6195;2.82743;1.4359;1;0.692308;1.22797;-0.914615;0.0854701;1185.54;873.611;32.1575;1.04403;-0.656382;-0.280888;
1878.22;0.0707107;-0.0707107;0;-38.637;28.2843;10.3528;-15338;11069;3000;-28.2743;22.6195;0;1.23077;0.923077;0.717949;0.710154;-1.02554;-0.102564;1186.21;873.164;32.0938;0.040111;-1.48345;-0.0637245;
1908.2;0.0707107;-0.0707107;0;-38.637;28.2843;10.3528;-15630;11310;3028;-28.2743;19.792;2.82743;1.17949;1;0.717949;1.09482;-0.820692;0.179487;1186.43;872.492;32.4384;0.819908;-1.00905;0.344597;
1939.18;0.0707107;-0.0707107;0;-38.637;28.2843;10.3528;-15925;11558;3061;-25.4469;19.792;2.82743;1.46154;0.974359;0.641026;1.21318;-0.923128;0.0512821;1186.43;871.598;32.4384;1.38755;-0.881869;1.52588e-05;
1969.21;0.0707107;-0.0707107;0;-38.637;28.2843;10.3528;-16067;11678;3081;-28.2743;22.6195;2.82743;1.35897;0.717949;0.564103;1.10962;-0.743564;-0.025641;1186.66;870.703;31.813;1.18019;-1.21674;-0.625408;
2000.21;0.0707107;-0.0707107;0;-38.637;28.2843;10.3528;-16369;11925;3119;-25.4469;25.4469;2.82743;1.23077;0.794872;0.564103;1.03564;-0.75218;0.042735;1187.11;869.808;31.813;0.963011;-1.56662;2.28882e-05;
2031.24;0.0707107;-0.0707107;0;-38.637;28.2843;10.3528;-16683;12173;3171;-28.2743;22.6195;5.65487;1.38462;0.717949;0.435897;1.05044;-0.794795;-0.0769231;1187.11;868.913;31.813;1.39728;-0.86679;-2.09808e-05;
2060.91;0.0707107;-0.0707107;0;-38.637;28.2843;10.3528;-16834;12296;3201;-28.2743;22.6195;2.82743;0.948718;0.974359;0.410256;0.784128;-0.829205;0.145299;1187.33;867.794;32.1575;1.52087;-1.44261;0.344522;
2092.95;0.0707107;-0.0707107;0;-38.637;28.2843;10.3528;-17154;12552;3261;-31.1018;22.6195;5.65487;1;0.974359;0.410256;0.813718;-0.846282;0.128205;1187.78;867.122;32.4384;0.599015;-1.35661;0.280895;
2123.92;0.0707107;-0.0707107;0;-38.637;28.2843;10.3528;-17482;12806;3328;-28.2743;22.6195;8.4823;1.23077;0.948718;0.153846;0.798923;-0.99141;-0.0427351;1187.55;866.004;32.0914;1.9601;-0.743071;-0.347073;
2155.96;0.0707107;-0.0707107;0;-38.637;28.2843;10.3528;-17638;12932;3366;-28.2743;22.6195;8.4823;0.974359;0.615385;0.205128;0.680564;-0.666615;-0.051282;1188;864.661;32.0913;1.65192;-2.00807;-1.90735e-05;
2187.03;0.0707107;-0.0707107;0;-38.637;28.2843;10.3528;-17959;13175;3448;-28.2743;19.792;8.4823;1.38462;0.794872;0.205128;0.917282;-0.922949;-0.128205;1188.45;864.438;32.7232;-0.0994027;-0.915128;0.631878;
2217.89;0.0707107;-0.0707107;0;-38.637;28.2843;10.3528;-18261;13412;3516;-25.4469;19.792;5.65487;1.51282;0.794872;0.358974;1.08003;-0.91441;-0.119658;1189.12;863.095;32.4385;1.41892;-2.36566;-0.284756;
2248.91;0.0707107;-0.0707107;0;-38.637;28.2843;10.3528;-18573;13633;3579;-28.2743;19.792;5.65487;1.12821;0.923077;0.179487;0.754538;-0.931615;-0.00854702;1189.12;863.095;32.4385;0;0;0;
2279.93;0.0707107;-0.0707107;0;-38.637;28.2843;10.3528;-18736;13751;3613;-25.4469;19.792;5.65487;1.38462;1.33333;0.282051;0.961667;-1.25649;0.0769231;1189.34;862.2;32.7231;1.16062;-1.23527;0.284672;
2311;0.0707107;-0.0707107;0;-38.637;28.2843;10.3528;-19033;13974;3678;-22.6195;19.792;5.65487;1.48718;1.12821;0.333333;1.05044;-1.13674;-0.008547;1189.57;861.753;32.4384;0.472974;-0.788551;-0.284714;
2342.99;0.0707107;-0.0707107;0;-38.637;28.2843;10.3528;-19346;14196;3739;-28.2743;19.792;5.65487;1.17949;1.12821;0.538462;0.991256;-0.965974;0.162393;1190.02;860.634;32.3801;1.29462;-1.79622;-0.0583534;
2374.99;0.0707107;-0.0707107;0;-38.637;28.2843;10.3528;-19499;14307;3767;-25.4469;16.9646;2.82743;1.46154;1.17949;0.435897;1.09482;-1.12826;0.0512821;1190.24;859.739;33.0052;1.15462;-1.24103;0.625164;
2406.96;0.0707107;-0.0707107;0;-38.637;28.2843;10.3528;-19807;14526;3823;-28.2743;19.792;5.65487;1.30769;1.28205;0.435897;1.00605;-1.14544;0.136752;1190.46;858.844;32.7191;1.1608;-1.23525;-0.286118;
2438.97;0.0707107;-0.0707107;0;-38.637;28.2843;10.3528;-20123;14754;3884;-28.2743;14.1372;5.65487;1.12821;1.12821;0.307692;0.828513;-1.02574;0.102564;1190.24;857.949;32.0914;1.61174;-0.524619;-0.627762;
2470;0.0707107;-0.0707107;0;-38.637;28.2843;10.3528;-20440;14985;3943;-28.2743;19.792;5.65487;1.35897;1.10256;0.435897;1.03564;-1.04279;0.0598291;1190.46;856.83;31.7414;1.5313;-1.43152;-0.349915;
2501.94;0.0707107;-0.0707107;0;-38.637;28.2843;10.3528;-20590;15090;3971;-25.4469;19.792;5.65487;1.10256;1;0.487179;0.917282;-0.871923;0.128205;1190.91;855.711;32.3761;1.29484;-1.79619;0.634682;
2533.96;0.0707107;-0.0707107;0;-38.637;28.2843;10.3528;-20896;15309;4021;-28.2743;16.9646;2.82743;1.25641;1.12821;0.435897;0.976462;-1.02574;0.102564;1191.36;855.04;32.4383;0.598924;-1.35654;0.0621338;
2565.97;0.0707107;-0.0707107;0;-38.637;28.2843;10.3528;-21192;15524;4077;-28.2743;16.9646;5.65487;1.5641;1.48718;0.358974;1.10962;-1.39326;0.0940171;1191.36;854.593;32.4384;0.693868;-0.440995;0.000156403;
2597;0.0707107;-0.0707107;0;-38.637;28.2843;10.3528;-21512;15746;4129;-28.2743;19.792;5.65487;1.33333;1.15385;0.487179;1.05044;-1.05138;0.102564;1191.58;853.474;32.0938;1.52247;-1.44091;-0.344582;
2627.05;0.0707107;-0.0707107;0;-38.637;28.2843;10.3528;-21679;15866;4157;-28.2743;22.6195;5.65487;1.17949;0.897436;0.435897;0.932077;-0.846205;0.051282;1191.58;852.579;32.0938;1.39301;-0.873627;-1.90735e-05;
2657.16;0.0707107;-0.0707107;0;-38.637;28.2843;10.3528;-21988;16101;4215;-28.2743;19.792;5.65487;1.28205;0.871795;0.461538;1.00605;-0.854718;0.017094;1191.58;852.579;32.0938;0;0;0;
2688.95;0.0707107;-0.0707107;0;-38.637;28.2843;10.3528;-22296;16333;4263;-28.2743;22.6195;2.82743;1.41026;0.897436;0.461538;1.08003;-0.914513;-0.017094;1191.81;851.907;32.4384;0.819908;-1.00905;0.344612;
2720.97;0.0707107;-0.0707107;0;-38.637;28.2843;10.3528;-22599;16561;4312;-25.4469;19.792;5.65487;1.20513;0.871795;0.512821;0.991256;-0.812026;0.0598291;1191.58;851.012;32.7232;1.60595;-0.542422;0.28479;
2753.05;0.0707107;-0.0707107;0;-38.637;28.2843;10.3528;-22748;16675;4337;-25.4469;19.792;5.65487;1.71795;0.923077;0.538462;1.30195;-1.00846;-0.0854701;1192.03;850.789;32.0913;-0.0893042;-0.916168;-0.631889;
2784.97;0.0707107;-0.0707107;0;-38.637;28.2843;10.3528;-23049;16918;4394;-28.2743;19.792;5.65487;1.53846;0.846154;0.461538;1.154;-0.923;-0.0769231;1192.7;850.117;32.6622;0.371463;-1.70563;0.570873;
2815.03;0.0707107;-0.0707107;0;-38.637;28.2843;10.3528;-23363;17166;4458;-28.2743;19.792;5.65487;1.07692;0.692308;0.410256;0.858103;-0.683769;0.008547;1192.7;849.223;32.4384;1.38755;-0.881869;-0.223774;
2846.95;0.0707107;-0.0707107;0;-38.637;28.2843;10.3528;-23516;17287;4488;-25.4469;22.6195;5.65487;1.51282;1;0.384615;1.09482;-1.04269;-0.042735;1193.15;848.328;33.0081;0.930222;-1.58643;0.56966;
2877.93;0.0707107;-0.0707107;0;-38.637;28.2843;10.3528;-23828;17532;4552;-28.2743;19.792;5.65487;1.17949;1.02564;0.25641;0.828513;-0.991487;0.034188;1193.15;847.209;32.38;1.7357;-1.10066;-0.628067;
2909.94;0.0707107;-0.0707107;0;-38.637;28.2843;10.3528;-24141;17771;4620;-31.1018;19.792;5.65487;0.923077;1.10256;0.25641;0.680564;-0.95741;0.145299;1193.82;846.09;32.7232;1.06144;-2.15027;0.343151;
2940.03;0.0707107;-0.0707107;0;-38.637;28.2843;10.3528;-24460;17999;4691;-31.1018;19.792;5.65487;1.33333;1.20513;0.307692;0.946872;-1.14536;0.059829;1193.82;845.643;32.7232;0.691667;-0.444439;8.01086e-05;
2972.03;0.0707107;-0.0707107;0;-38.637;28.2843;10.3528;-24622;18112;4730;-28.2743;19.792;5.65487;1.02564;0.974359;0.282051;0.754539;-0.897513;0.0769231;1194.04;844.747;32.4384;1.16684;-1.22955;-0.284813;
3002.62;0.0707107;-0.0707107;0;-38.637;28.2843;10.3528;-24921;18323;4800;-28.2743;14.1372;5.65487;1.4359;1.12821;0.25641;0.976462;-1.14528;-0.017094;1194.27;843.629;33.0054;1.49935;-1.46495;0.566944;
3032.69;0.0707107;-0.0707107;0;-38.637;28.2843;10.3528;-25230;18538;4866;-28.2743;19.792;5.65487;1.5641;1.30769;0.282051;1.06523;-1.29915;0.00854702;1194.27;842.734;33.0054;1.37885;-0.895617;-1.90735e-05;
3064.25;0.0707107;-0.0707107;0;-38.637;28.2843;10.3528;-25375;18649;4900;-28.2743;19.792;8.4823;1.15385;1.07692;0.307692;0.843308;-1.00008;0.0769231;1194.27;842.734;33.0054;0;0;0;
3095.25;0.0707107;-0.0707107;0;-38.637;28.2843;10.3528;-25684;18861;4962;-25.4469;19.792;5.65487;1.48718;0.948718;0.410256;1.09482;-0.99141;-0.0427351;1194.49;842.062;32.4384;0.819908;-1.00905;-0.566929;
3127.32;0.0707107;-0.0707107;0;-38.637;28.2843;10.3528;-25983;19082;5015;-25.4469;19.792;5.65487;1.64103;1;0.461538;1.21318;-1.05977;-0.0598291;1194.71;841.167;32.7232;1.16072;-1.23533;0.284809;
3159.24;0.0707107;-0.0707107;0;-38.637;28.2843;10.3528;-26283;19301;5073;-28.2743;19.792;2.82743;1.71795;1.05128;0.307692;1.16879;-1.17082;-0.119658;1194.71;840.496;33.0054;1.0342;-0.671759;0.282139;
3191.29;0.0707107;-0.0707107;0;-38.637;28.2843;10.3528;-26433;19411;5102;-28.2743;19.792;5.65487;1.38462;1.15385;0.461538;1.06523;-1.077;0.0769231;1195.16;839.378;32.7232;1.28384;-1.80394;-0.282158;
3223.21;0.0707107;-0.0707107;0;-38.637;28.2843;10.3528;-26746;19644;5170;-28.2743;19.792;5.65487;1.53846;0.820513;0.307692;1.06523;-0.957128;-0.136752;1195.39;838.259;32.7194;1.50655;-1.45739;-0.0038681;
3254.28;0.0707107;-0.0707107;0;-38.637;28.2843;10.3528;-27056;19875;5237;-28.2743;22.6195;5.65487;1.25641;0.846154;0.487179;1.00605;-0.820538;0.025641;1195.61;837.588;32.7232;0.814882;-1.01311;0.00388718;
3286.26;0.0707107;-0.0707107;0;-38.637;28.2843;10.3528;-27362;20100;5295;-28.2743;19.792;2.82743;1.12821;0.897436;0.333333;0.843308;-0.863282;0.034188;1195.61;836.693;32.7232;1.38333;-0.888877;-1.90735e-05;
3317.28;0.0707107;-0.0707107;0;-38.637;28.2843;10.3528;-27523;20222;5331;-25.4469;19.792;5.65487;1.53846;1;0.230769;1.02085;-1.10246;-0.102564;1195.83;835.574;33.0664;1.4977;-1.46649;0.343224;
3349.25;0.0707107;-0.0707107;0;-38.637;28.2843;10.3528;-27820;20457;5401;-25.4469;22.6195;8.4823;1.28205;0.974359;0.230769;0.872898;-0.999974;-0.025641;1196.28;834.679;32.3801;0.947675;-1.57595;-0.686367;
3379.26;0.0707107;-0.0707107;0;-38.637;28.2843;10.3528;-28130;20706;5477;-28.2743;22.6195;5.65487;1.07692;0.846154;0.282051;0.784128;-0.829077;0.017094;1196.5;834.008;32.7232;0.814883;-1.01311;0.343113;
3409.3;0.0707107;-0.0707107;0;-38.637;28.2843;10.3528;-28279;20834;5512;-25.4469;22.6195;5.65487;1.5641;0.641026;0.205128;1.02085;-0.880103;-0.239316;1196.73;832.889;33.0664;1.4977;-1.46649;0.343224;
3441.28;0.0707107;-0.0707107;0;-38.637;28.2843;10.3528;-28585;21071;5581;-28.2743;22.6195;5.65487;1.25641;0.794872;0.25641;0.872898;-0.86318;-0.0683761;1197.17;832.218;32.6598;0.59377;-1.35891;-0.406651;
3471.3;0.0707107;-0.0707107;0;-38.637;28.2843;10.3528;-28884;21313;5650;-25.4469;19.792;5.65487;1.28205;0.794872;0.25641;0.887692;-0.871718;-0.0769231;1197.17;831.77;32.6597;0.69216;-0.443671;-9.53674e-05;
3503.24;0.0707107;-0.0707107;0;-38.637;28.2843;10.3528;-29185;21555;5720;-28.2743;19.792;2.82743;1.48718;0.820513;0.358974;1.06523;-0.922974;-0.102564;1197.85;830.875;32.0276;0.738836;-1.91941;-0.632034;
3535.28;0.0707107;-0.0707107;0;-38.637;28.2843;10.3528;-29328;21668;5748;-28.2743;19.792;5.65487;1.30769;1.07692;0.487179;1.03564;-0.991538;0.0854701;1198.29;830.204;33.0053;0.585565;-1.36247;0.977631;
3566.3;0.0707107;-0.0707107;0;-38.637;28.2843;10.3528;-29628;21897;5809;-28.2743;19.792;5.65487;1.12821;1.12821;0.205128;0.769333;-1.0599;0.0683761;1198.29;829.309;33.0053;1.37894;-0.895675;0;
3597.23;0.0707107;-0.0707107;0;-38.637;28.2843;10.3528;-29913;22122;5870;-25.4469;19.792;5.65487;1.4359;1.02564;0.333333;1.02085;-1.05126;-0.025641;1198.52;828.637;33.0001;0.809977;-1.01704;-0.00516891;
3628.22;0.0707107;-0.0707107;0;-38.637;28.2843;10.3528;-30062;22231;5900;-25.4469;19.792;5.65487;1.46154;1.30769;0.307692;1.02085;-1.25646;0.0512821;1198.96;827.295;33.0079;1.61949;-2.03417;0.00781631;
3659.22;0.0707107;-0.0707107;0;-38.637;28.2843;10.3528;-30362;22458;5964;-28.2743;22.6195;5.65487;1.38462;1.15385;0.410256;1.03564;-1.09408;0.059829;1199.19;826.624;33.0053;0.809885;-1.01711;-0.0026474;
3688.85;0.0707107;-0.0707107;0;-38.637;28.2843;10.3528;-30669;22673;6027;-31.1018;19.792;5.65487;1.17949;1.23077;0.230769;0.813718;-1.13685;0.0940171;1199.19;826.624;33.0053;0;0;0;
3719.43;0.0707107;-0.0707107;0;-38.637;28.2843;10.3528;-30997;22901;6096;-31.1018;19.792;8.4823;1.17949;1;0.25641;0.828513;-0.974385;0.025641;1198.96;825.505;32.6597;1.95263;-0.762475;-0.345612;
3750.45;0.0707107;-0.0707107;0;-38.637;28.2843;10.3528;-31159;23018;6133;-28.2743;19.792;5.65487;0.948718;1.10256;0.128205;0.621385;-1.00864;0.0940171;1198.96;824.163;33.008;2.06825;-1.34355;0.348343;
3781.31;0.0707107;-0.0707107;0;-38.637;28.2843;10.3528;-31506;23248;6210;-31.1018;19.792;5.65487;1.02564;1.12821;0.230769;0.724949;-1.01721;0.111111;1199.41;823.044;32.38;1.29471;-1.79628;-0.627979;
3812.37;0.0707107;-0.0707107;0;-38.637;28.2843;10.3528;-31846;23482;6279;-28.2743;16.9646;5.65487;0.769231;1.10256;0.282051;0.60659;-0.897641;0.205128;1199.86;822.149;32.3801;0.947553;-1.57614;9.91821e-05;
3844.36;0.0707107;-0.0707107;0;-38.637;28.2843;10.3528;-32013;23590;6314;-28.2743;19.792;5.65487;1.07692;0.948718;0.25641;0.769333;-0.906026;0.042735;1200.08;821.03;32.7232;1.50655;-1.45755;0.34304;
3875.28;0.0707107;-0.0707107;0;-38.637;28.2843;10.3528;-32353;23811;6386;-28.2743;19.792;8.4823;0.871795;1.02564;0.128205;0.577;-0.931718;0.0940171;1200.08;820.582;32.7232;0.691667;-0.444439;8.39233e-05;
3907.32;0.0707107;-0.0707107;0;-38.637;28.2843;10.3528;-32686;24033;6456;-28.2743;19.792;5.65487;1.17949;0.974359;0.358974;0.887692;-0.923128;0.051282;1200.08;819.688;32.7232;1.38324;-0.888816;-2.67029e-05;
3939.31;0.0707107;-0.0707107;0;-38.637;28.2843;10.3528;-32853;24149;6487;-31.1018;19.792;5.65487;1.05128;1.07692;0.461538;0.872898;-0.914692;0.162393;1200.08;818.792;32.7232;1.38333;-0.888877;2.67029e-05;
3970.17;0.0707107;-0.0707107;0;-38.637;28.2843;10.3528;-33183;24375;6548;-31.1018;19.792;5.65487;1.17949;0.871795;0.333333;0.872898;-0.863256;0.008547;1200.53;817.897;31.813;0.963106;-1.56668;-0.910194;
4001.18;0.0707107;-0.0707107;0;-38.637;28.2843;10.3528;-33499;24607;6610;-28.2743;22.6195;8.4823;1.20513;0.897436;0.333333;0.887692;-0.888897;0.00854702;1200.98;817.003;32.7232;0.938004;-1.58172;0.910175;
4032.15;0.0707107;-0.0707107;0;-38.637;28.2843;10.3528;-33816;24831;6670;-28.2743;19.792;5.65487;1.17949;0.871795;0.384615;0.902487;-0.846179;0.025641;1201.2;815.884;32.3801;1.51516;-1.44844;-0.343166;
4063.28;0.0707107;-0.0707107;0;-38.637;28.2843;10.3528;-33979;24952;6701;-25.4469;16.9646;5.65487;1.35897;1.07692;0.512821;1.08003;-1.00008;0.0769231;1201.87;815.213;32.7232;0.369647;-1.70602;0.343155;
4095.28;0.0707107;-0.0707107;0;-38.637;28.2843;10.3528;-34278;25178;6755;-22.6195;19.792;2.82743;1.51282;1.17949;0.410256;1.10962;-1.15387;0.0256411;1201.65;814.318;32.4384;1.60863;-0.534434;-0.284763;
4126.39;0.0707107;-0.0707107;0;-38.637;28.2843;10.3528;-34582;25402;6815;-28.2743;19.792;5.65487;1.28205;1.25641;0.307692;0.917282;-1.16249;0.0940171;1202.1;813.646;32.38;0.600423;-1.35574;-0.0584297;
4157.34;0.0707107;-0.0707107;0;-38.637;28.2843;10.3528;-34891;25630;6875;-28.2743;19.792;5.65487;1.20513;0.923077;0.333333;0.887692;-0.906;0.017094;1202.77;812.751;32.7854;0.713264;-1.9292;0.405415;
4188.36;0.0707107;-0.0707107;0;-38.637;28.2843;10.3528;-35038;25734;6906;-25.4469;19.792;5.65487;1.5641;1.38462;0.307692;1.08003;-1.34192;0.0427351;1202.77;812.08;33.0649;1.03351;-0.672833;0.279472;
4220.41;0.0707107;-0.0707107;0;-38.637;28.2843;10.3528;-35361;25971;6969;-25.4469;19.792;2.82743;1.05128;1.23077;0.461538;0.872898;-1.01731;0.213675;1203.44;810.961;32.3761;1.07444;-2.1438;-0.688782;
4252.31;0.0707107;-0.0707107;0;-38.637;28.2843;10.3528;-35677;26203;7025;-25.4469;19.792;5.65487;1.15385;1.15385;0.461538;0.932077;-1.00015;0.153846;1203.44;810.961;32.3761;0;0;0;
4284.32;0.0707107;-0.0707107;0;-38.637;28.2843;10.3528;-35830;26314;7057;-25.4469;19.792;5.65487;0.974359;0.897436;0.307692;0.739744;-0.82059;0.0769231;1203.22;809.843;32.7232;1.95157;-0.76477;0.347092;
4315.38;0.0707107;-0.0707107;0;-38.637;28.2843;10.3528;-36151;26554;7123;-28.2743;22.6195;5.65487;0.923077;0.846154;0.384615;0.754539;-0.743692;0.102564;1203.22;808.948;32.7232;1.38333;-0.888876;0;
4347.91;0.0707107;-0.0707107;0;-38.637;28.2843;10.3528;-36465;26794;7199;-28.2743;22.6195;8.4823;1.28205;0.717949;0.307692;0.917282;-0.803333;-0.0854701;1203.44;808.5;32.0926;0.477845;-0.785492;-0.630619;
4379.73;0.0707107;-0.0707107;0;-38.637;28.2843;10.3528;-36789;27031;7254;-25.4469;22.6195;5.65487;1.25641;0.692308;0.435897;0.976462;-0.735;-0.042735;1203.66;807.381;32.0912;1.52241;-1.44103;-0.00134659;
4411.36;0.0707107;-0.0707107;0;-38.637;28.2843;10.3528;-36950;27161;7283;-28.2743;22.6195;5.65487;1.10256;0.871795;0.410256;0.872897;-0.812026;0.0598291;1203.89;806.486;33.0664;1.15342;-1.24207;0.975166;
4443.94;0.0707107;-0.0707107;0;-38.637;28.2843;10.3528;-37284;27404;7343;-25.4469;19.792;2.82743;1.33333;0.871795;0.333333;0.961667;-0.914487;-0.0427351;1204.11;805.144;33.0053;1.84397;-1.68906;-0.0610847;
4475.39;0.0707107;-0.0707107;0;-38.637;28.2843;10.3528;-37610;27654;7406;-31.1018;19.792;8.4823;1.02564;0.846154;0.307692;0.769333;-0.803462;0.042735;1204.33;804.473;32.4384;0.819839;-1.00874;-0.566906;
4507.32;0.0707107;-0.0707107;0;-38.637;28.2843;10.3528;-37925;27895;7471;-28.2743;19.792;2.82743;1.28205;0.846154;0.384615;0.961667;-0.863231;-0.017094;1204.11;803.578;32.7232;1.60583;-0.542611;0.28479;
4539.38;0.0707107;-0.0707107;0;-38.637;28.2843;10.3528;-38074;28009;7501;-25.4469;19.792;5.65487;1.15385;0.820513;0.358974;0.872898;-0.811974;0.00854702;1204.56;802.683;32.7232;0.938004;-1.58172;-2.28882e-05;
4570.35;0.0707107;-0.0707107;0;-38.637;28.2843;10.3528;-38398;28247;7573;-31.1018;19.792;8.4823;1.02564;1.07692;0.230769;0.724949;-0.983;0.0940171;1204.78;801.564;32.38;1.51537;-1.44831;-0.343174;
4602.39;0.0707107;-0.0707107;0;-38.637;28.2843;10.3528;-38720;28491;7649;-28.2743;22.6195;8.4823;1.33333;1.07692;0.153846;0.858103;-1.11108;-0.034188;1205.23;800.669;32.7193;0.938205;-1.58172;0.339317;
4633.63;0.0707107;-0.0707107;0;-38.637;28.2843;10.3528;-39024;28724;7726;-25.4469;19.792;5.65487;1.48718;1.12821;0.307692;1.03564;-1.14528;-0.017094;1205.23;799.997;32.4384;1.0408;-0.661492;-0.280899;
4664.5;0.0707107;-0.0707107;0;-38.637;28.2843;10.3528;-39189;28849;7756;-28.2743;19.792;2.82743;1.33333;0.769231;0.333333;0.961667;-0.846077;-0.0769231;1205.23;799.997;32.4384;0;0;0;
4695.57;0.0707107;-0.0707107;0;-38.637;28.2843;10.3528;-39497;29087;7819;-28.2743;19.792;2.82743;1.4359;0.74359;0.282051;0.991256;-0.880205;-0.136752;1205.9;798.655;32.7233;1.40715;-2.37268;0.284817;
4727.62;0.0707107;-0.0707107;0;-38.637;28.2843;10.3528;-39806;29317;7882;-25.4469;22.6195;5.65487;1.23077;0.897436;0.307692;0.887692;-0.905974;-0.00854702;1206.35;798.207;32.7232;0.24643;-1.13735;-1.14441e-05;
4759.63;0.0707107;-0.0707107;0;-38.637;28.2843;10.3528;-39969;29441;7917;-28.2743;19.792;5.65487;1.53846;1.07692;0.307692;1.06523;-1.12815;-0.051282;1206.35;797.312;32.7232;1.38324;-0.888816;-2.67029e-05;
4790.23;0.0707107;-0.0707107;0;-38.637;28.2843;10.3528;-40265;29659;7978;-25.4469;19.792;5.65487;1.5641;1.20513;0.461538;1.16879;-1.17097;0.034188;1206.8;796.417;32.7232;0.938097;-1.58179;2.67029e-05;
4820.78;0.0707107;-0.0707107;0;-38.637;28.2843;10.3528;-40573;29875;8033;-31.1018;19.792;5.65487;1.25641;1.23077;0.410256;0.961667;-1.10269;0.128205;1206.8;795.299;33.0054;1.72358;-1.11954;0.28212;
4852.78;0.0707107;-0.0707107;0;-38.637;28.2843;10.3528;-40884;30092;8093;-28.2743;19.792;5.65487;1.12821;0.974359;0.333333;0.843308;-0.91459;0.059829;1207.24;794.851;32.6609;0.247668;-1.13708;-0.344486;
4883.27;0.0707107;-0.0707107;0;-38.637;28.2843;10.3528;-41032;30201;8122;-25.4469;19.792;5.65487;1.58974;1.30769;0.358974;1.12441;-1.28208;0.025641;1207.24;793.733;32.7232;1.72907;-1.11103;0.0623283;
4915.26;0.0707107;-0.0707107;0;-38.637;28.2843;10.3528;-41355;30424;8185;-28.2743;19.792;5.65487;0.974359;1.07692;0.410256;0.798923;-0.906154;0.17094;1207.69;792.838;32.7232;0.93822;-1.5816;1.14441e-05;
4947.31;0.0707107;-0.0707107;0;-38.637;28.2843;10.3528;-41680;30652;8237;-28.2743;22.6195;2.82743;1.15385;1.15385;0.512821;0.961667;-0.983077;0.17094;1208.14;791.943;32.7232;0.938099;-1.58178;-2.28882e-05;
4978.19;0.0707107;-0.0707107;0;-38.637;28.2843;10.3528;-41992;30879;8280;-28.2743;22.6195;2.82743;1.4359;1;0.512821;1.12441;-0.974385;0.025641;1208.14;791.048;32.7232;1.38324;-0.888816;1.90735e-05;
5008.29;0.0707107;-0.0707107;0;-38.637;28.2843;10.3528;-42154;30996;8302;-31.1018;19.792;5.65487;1.05128;1.02564;0.564103;0.932077;-0.846333;0.179487;1208.36;789.929;33.0664;1.49779;-1.46655;0.343185;
5038.11;0.0707107;-0.0707107;0;-38.637;28.2843;10.3528;-42461;31225;8351;-28.2743;19.792;5.65487;1.33333;1.25641;0.384615;0.991256;-1.15395;0.102564;1208.59;789.034;33.0053;1.15462;-1.24103;-0.0610657;
5069.8;0.0707107;-0.0707107;0;-38.637;28.2843;10.3528;-42776;31448;8406;-25.4469;19.792;5.65487;1.33333;1.10256;0.410256;1.00605;-1.04279;0.059829;1208.81;788.586;32.3761;0.473832;-0.788037;-0.629208;
5100.82;0.0707107;-0.0707107;0;-38.637;28.2843;10.3528;-42946;31567;8437;-31.1018;22.6195;2.82743;1.12821;0.897436;0.461538;0.917282;-0.82059;0.0769231;1208.81;787.468;32.4384;1.73457;-1.10243;0.0623016;
5132.81;0.0707107;-0.0707107;0;-38.637;28.2843;10.3528;-43262;31797;8490;-25.4469;19.792;5.65487;1.23077;0.871795;0.589744;1.05044;-0.794949;0.0769231;1209.03;787.244;32.0913;0.12948;-0.56728;-0.347099;
5163.74;0.0707107;-0.0707107;0;-38.637;28.2843;10.3528;-43586;32033;8542;-28.2743;19.792;5.65487;1.02564;0.794872;0.384615;0.813718;-0.743641;0.051282;1209.48;786.125;32.7246;1.28389;-1.80404;0.633278;
5193.75;0.0707107;-0.0707107;0;-38.637;28.2843;10.3528;-43909;32272;8597;-28.2743;22.6195;5.65487;0.948718;0.846154;0.384615;0.769333;-0.752231;0.0940171;1209.93;785.23;32.7231;0.9381;-1.58178;-0.00147247;
5224.77;0.0707107;-0.0707107;0;-38.637;28.2843;10.3528;-44060;32390;8624;-28.2743;22.6195;5.65487;1.20513;0.871795;0.410256;0.932077;-0.846179;0.025641;1209.93;785.23;32.7231;0;0;0;
5256.75;0.0707107;-0.0707107;0;-38.637;28.2843;10.3528;-44382;32631;8682;-28.2743;22.6195;5.65487;1.05128;0.948718;0.461538;0.872898;-0.829179;0.119658;1210.15;785.006;33.2914;0.11757;-0.569867;0.568245;
5288.37;0.0707107;-0.0707107;0;-38.637;28.2843;10.3528;-44698;32871;8727;-28.2743;22.6195;2.82743;1.33333;1.02564;0.692308;1.16879;-0.897564;0.128205;1210.38;783.887;32.7232;1.50655;-1.45755;-0.568161;
5320.4;0.0707107;-0.0707107;0;-38.637;28.2843;10.3528;-44849;32987;8749;-28.2743;22.6195;5.65487;1.02564;0.974359;0.666667;0.976462;-0.769436;0.205128;1210.82;782.992;32.7232;0.938098;-1.58179;1.90735e-05;
5352.34;0.0707107;-0.0707107;0;-38.637;28.2843;10.3528;-45167;33228;8800;-25.4469;19.792;2.82743;1.10256;1.02564;0.435897;0.887692;-0.906103;0.119658;1211.05;782.098;32.6622;1.16184;-1.23397;-0.0610466;
5384.36;0.0707107;-0.0707107;0;-38.637;28.2843;10.3528;-45495;33460;8854;-28.2743;19.792;2.82743;1.12821;1.25641;0.358974;0.858103;-1.09418;0.162393;1211.72;781.426;32.6609;0.371501;-1.70562;-0.00124741;
5416.3;0.0707107;-0.0707107;0;-38.637;28.2843;10.3528;-45805;33677;8917;-25.4469;16.9646;5.65487;1.10256;1.23077;0.358974;0.843308;-1.06854;0.162393;1211.72;780.308;32.7232;1.72907;-1.11104;0.0622826;
5447.27;0.0707107;-0.0707107;0;-38.637;28.2843;10.3528;-45979;33789;8949;-28.2743;19.792;5.65487;1.12821;1;0.410256;0.887692;-0.906077;0.0940171;1211.72;779.413;32.7232;1.38333;-0.888877;1.90735e-05;
5478.2;0.0707107;-0.0707107;0;-38.637;28.2843;10.3528;-46312;34013;9005;-31.1018;19.792;5.65487;0.974359;0.948718;0.461538;0.828513;-0.803564;0.145299;1212.39;778.07;32.4384;1.41892;-2.36565;-0.284794;
5510.18;0.0707107;-0.0707107;0;-38.637;28.2843;10.3528;-46650;34240;9067;-28.2743;19.792;2.82743;0.897436;0.974359;0.282051;0.680564;-0.85482;0.119658;1212.39;777.175;32.0926;1.39303;-0.873598;-0.345844;
5540.75;0.0707107;-0.0707107;0;-38.637;28.2843;10.3528;-46812;34355;9099;-28.2743;19.792;5.65487;1;1.07692;0.384615;0.798923;-0.923231;0.153846;1212.39;776.056;32.3761;1.73587;-1.1006;0.283546;
5570.76;0.0707107;-0.0707107;0;-38.637;28.2843;10.3528;-47149;34569;9163;-28.2743;19.792;5.65487;0.923077;0.974359;0.358974;0.739744;-0.837744;0.136752;1212.61;775.385;31.8091;0.830942;-0.999982;-0.567093;
5601.72;0.0707107;-0.0707107;0;-38.637;28.2843;10.3528;-47482;34786;9219;-28.2743;16.9646;2.82743;1.02564;1;0.487179;0.872898;-0.846308;0.153846;1212.61;774.49;31.8091;1.39724;-0.866634;0;
5631.73;0.0707107;-0.0707107;0;-38.637;28.2843;10.3528;-47639;34892;9242;-28.2743;19.792;5.65487;0.897436;1.38462;0.615385;0.872898;-1.01746;0.367521;1212.39;773.595;32.4385;1.60863;-0.534434;0.62941;
5663.73;0.0707107;-0.0707107;0;-38.637;28.2843;10.3528;-47971;35108;9293;-31.1018;19.792;2.82743;1.20513;1.23077;0.358974;0.902487;-1.10269;0.128205;1213.29;772.253;32.0926;1.21429;-2.70587;-0.345894;
5694.72;0.0707107;-0.0707107;0;-38.637;28.2843;10.3528;-48298;35327;9350;-28.2743;19.792;5.65487;1.28205;1;0.461538;1.00605;-0.940231;0.059829;1213.51;771.581;32.0913;0.825912;-1.004;-0.00131989;
5724.75;0.0707107;-0.0707107;0;-38.637;28.2843;10.3528;-48621;35548;9411;-28.2743;19.792;8.4823;0.923077;0.974359;0.410256;0.769333;-0.820667;0.153846;1213.51;770.686;32.0912;1.39305;-0.873565;-3.8147e-06;
5756.73;0.0707107;-0.0707107;0;-38.637;28.2843;10.3528;-48789;35659;9441;-28.2743;19.792;5.65487;1.41026;1.20513;0.410256;1.05044;-1.13682;0.0683761;1213.51;770.015;31.809;1.04801;-0.650019;-0.282223;
5787.73;0.0707107;-0.0707107;0;-38.637;28.2843;10.3528;-49111;35892;9492;-28.2743;19.792;5.65487;0.974359;1.10256;0.589744;0.902487;-0.863487;0.239316;1213.73;769.12;31.7414;1.18162;-1.2152;-0.0676193;
5818.75;0.0707107;-0.0707107;0;-38.637;28.2843;10.3528;-49430;36112;9540;-28.2743;19.792;5.65487;1.28205;1;0.435897;0.991256;-0.948769;0.051282;1213.73;769.12;31.7414;0;0;0;
5849.75;0.0707107;-0.0707107;0;-38.637;28.2843;10.3528;-49591;36232;9568;-28.2743;19.792;5.65487;1.15385;0.923077;0.435897;0.917282;-0.854769;0.0683761;1214.4;768.225;31.809;0.746154;-1.91658;0.0676193;
5880.73;0.0707107;-0.0707107;0;-38.637;28.2843;10.3528;-49893;36458;9626;-25.4469;19.792;5.65487;1.02564;1.10256;0.384615;0.813718;-0.948872;0.153846;1214.85;767.106;32.0913;1.30375;-1.78973;0.28228;
5911.8;0.0707107;-0.0707107;0;-38.637;28.2843;10.3528;-50207;36689;9692;-28.2743;16.9646;5.65487;1.46154;1.28205;0.435897;1.09482;-1.19667;0.0854701;1214.85;766.435;32.0276;1.04552;-0.654013;-0.063694;
5942.74;0.0707107;-0.0707107;0;-38.637;28.2843;10.3528;-50521;36920;9750;-25.4469;19.792;5.65487;1.4359;1.23077;0.538462;1.13921;-1.11977;0.111111;1215.08;765.316;32.1575;1.52077;-1.44255;0.129925;
5973.15;0.0707107;-0.0707107;0;-38.637;28.2843;10.3528;-50673;37026;9778;-31.1018;19.792;2.82743;1.30769;0.974359;0.410256;0.991256;-0.948744;0.025641;1215.3;764.645;31.8091;0.831061;-0.999791;-0.348471;
6004.19;0.0707107;-0.0707107;0;-38.637;28.2843;10.3528;-50980;37250;9839;-28.2743;19.792;5.65487;1.48718;1;0.333333;1.05044;-1.05123;-0.0512821;1215.3;763.974;32.0914;1.04479;-0.655176;0.282301;
6036.11;0.0707107;-0.0707107;0;-38.637;28.2843;10.3528;-51279;37470;9900;-25.4469;19.792;5.65487;1.74359;1.12821;0.358974;1.21318;-1.21359;-0.0854701;1215.97;762.855;32.4385;1.07199;-2.14516;0.347111;
6067.72;0.0707107;-0.0707107;0;-38.637;28.2843;10.3528;-51426;37578;9931;-28.2743;19.792;2.82743;1.46154;1.07692;0.358974;1.05044;-1.08546;-0.00854698;1215.97;761.96;32.0926;1.39303;-0.873598;-0.345863;
6097.73;0.0707107;-0.0707107;0;-38.637;28.2843;10.3528;-51735;37794;9992;-28.2743;19.792;8.4823;1.46154;1;0.512821;1.13921;-0.982923;0.017094;1216.19;761.289;32.0914;0.826005;-1.00406;-0.00124741;
6127.71;0.0707107;-0.0707107;0;-38.637;28.2843;10.3528;-52044;38013;10060;-28.2743;19.792;5.65487;1.46154;1.05128;0.282051;1.00605;-1.09397;-0.042735;1216.64;760.17;31.8091;1.31236;-1.78317;-0.28231;
6157.71;0.0707107;-0.0707107;0;-38.637;28.2843;10.3528;-52195;38120;10097;-28.2743;19.792;8.4823;1.48718;1.25641;0.230769;0.991256;-1.25641;-1.49012e-08;1216.86;759.275;32.4385;1.16684;-1.22955;0.62941;
6188.77;0.0707107;-0.0707107;0;-38.637;28.2843;10.3528;-52500;38333;10174;-25.4469;19.792;8.4823;1.51282;1.07692;0.282051;1.03564;-1.12815;-0.051282;1216.86;759.275;32.4385;0;0;0;
6221.08;0.0707107;-0.0707107;0;-38.637;28.2843;10.3528;-52794;38543;10244;-25.4469;19.792;5.65487;1.48718;1.17949;0.282051;1.02085;-1.18803;-0.008547;1216.86;757.933;31.8767;1.39622;-0.868283;1.90735e-05;
6252.72;0.0707107;-0.0707107;0;-38.637;28.2843;10.3528;-52958;38649;10279;-28.2743;19.792;8.4823;1.35897;1.28205;0.25641;0.932077;-1.22228;0.0598291;1216.86;757.933;31.8767;0;0;0;
6284.11;0.0707107;-0.0707107;0;-38.637;28.2843;10.3528;-53276;38864;10345;-22.6195;22.6195;5.65487;1.4359;1.38462;0.358974;1.03564;-1.28215;0.102564;1217.09;757.261;32.4411;0.819861;-1.00909;0.564411;
6315.16;0.0707107;-0.0707107;0;-38.637;28.2843;10.3528;-53583;39071;10411;-28.2743;16.9646;5.65487;1.07692;1.05128;0.358974;0.828513;-0.940282;0.111111;1217.76;756.366;31.8065;0.746239;-1.91655;-0.634628;
6345.18;0.0707107;-0.0707107;0;-38.637;28.2843;10.3528;-53896;39281;10468;-28.2743;16.9646;5.65487;0.897436;1.02564;0.512821;0.813718;-0.81218;0.213675;1217.98;755.471;32.0913;1.17427;-1.22245;0.284782;
6375.16;0.0707107;-0.0707107;0;-38.637;28.2843;10.3528;-54050;39386;10496;-28.2743;19.792;2.82743;1.17949;1.33333;0.410256;0.917282;-1.14549;0.188034;1217.98;755.024;31.874;0.698178;-0.434138;-0.217247;
6407.2;0.0707107;-0.0707107;0;-38.637;28.2843;10.3528;-54371;39593;10554;-28.2743;19.792;5.65487;1.10256;1.4359;0.333333;0.828513;-1.2139;0.222222;1217.98;753.905;31.8091;1.74667;-1.08337;-0.0649605;
6439.2;0.0707107;-0.0707107;0;-38.637;28.2843;10.3528;-54704;39806;10622;-31.1018;19.792;8.4823;1.33333;1.12821;0.25641;0.917282;-1.11113;0.017094;1218.21;753.681;32.1576;0.128823;-0.56743;0.348591;
6469.19;0.0707107;-0.0707107;0;-38.637;28.2843;10.3528;-54857;39908;10658;-31.1018;16.9646;8.4823;1;1.33333;0.333333;0.769333;-1.11133;0.222222;1218.43;752.339;31.8741;1.8771;-1.65188;-0.283539;
6501.19;0.0707107;-0.0707107;0;-38.637;28.2843;10.3528;-55176;40122;10721;-28.2743;19.792;5.65487;1.25641;1.12821;0.307692;0.902487;-1.06844;0.0598291;1218.43;751.22;31.8091;1.74667;-1.08337;-0.0650444;
6532.24;0.0707107;-0.0707107;0;-38.637;28.2843;10.3528;-55502;40342;10783;-28.2743;19.792;5.65487;1.17949;1.15385;0.307692;0.858103;-1.05992;0.0940171;1218.88;750.325;31.8091;0.963215;-1.56662;0;
6563.26;0.0707107;-0.0707107;0;-38.637;28.2843;10.3528;-55808;40559;10846;-28.2743;19.792;5.65487;1.28205;0.948718;0.282051;0.902487;-0.965795;-0.017094;1219.1;749.654;31.4592;0.836915;-0.995082;-0.349813;
6593.22;0.0707107;-0.0707107;0;-38.637;28.2843;10.3528;-55973;40674;10881;-28.2743;19.792;5.65487;1.38462;1.28205;0.25641;0.946872;-1.23082;0.0512821;1219.55;748.535;31.5255;1.32117;-1.77666;0.066267;
6623.31;0.0707107;-0.0707107;0;-38.637;28.2843;10.3528;-56277;40901;10951;-25.4469;16.9646;5.65487;1.33333;1.12821;0.410256;1.00605;-1.0599;0.0683761;1219.77;747.864;31.5268;0.835976;-0.995685;0.00129318;
6654.22;0.0707107;-0.0707107;0;-38.637;28.2843;10.3528;-56588;41120;11009;-28.2743;19.792;2.82743;1.07692;1.17949;0.358974;0.828513;-1.02579;0.153846;1219.77;747.864;31.5268;0;0;0;
6686.31;0.0707107;-0.0707107;0;-38.637;28.2843;10.3528;-56749;41234;11046;-22.6195;16.9646;5.65487;1.48718;0.948718;0.25641;1.00605;-1.04264;-0.0940171;1220;746.969;31.4592;1.18768;-1.20943;-0.0675983;
6718.26;0.0707107;-0.0707107;0;-38.637;28.2843;10.3528;-57052;41459;11116;-28.2743;19.792;8.4823;1.28205;0.948718;0.153846;0.828513;-1.00849;-0.0598291;1220.67;746.074;31.874;0.743885;-1.91736;0.414776;
6750.4;0.0707107;-0.0707107;0;-38.637;28.2843;10.3528;-57370;41690;11192;-28.2743;19.792;5.65487;1.15385;1.05128;0.25641;0.813718;-1.00005;0.0512821;1220.44;744.955;31.5255;1.96734;-0.723676;-0.348509;
6781.31;0.0707107;-0.0707107;0;-38.637;28.2843;10.3528;-57521;41804;11223;-25.4469;22.6195;5.65487;1.48718;0.820513;0.435897;1.10962;-0.897359;-0.0769231;1221.12;744.284;31.8741;0.394889;-1.70035;0.348595;
6812.79;0.0707107;-0.0707107;0;-38.637;28.2843;10.3528;-57824;42027;11282;-28.2743;19.792;5.65487;1.23077;0.948718;0.307692;0.887692;-0.940179;0.008547;1221.34;743.836;31.2446;0.4893;-0.778526;-0.629433;
6842.33;0.0707107;-0.0707107;0;-38.637;28.2843;10.3528;-58134;42256;11346;-31.1018;19.792;5.65487;1.10256;0.923077;0.307692;0.813718;-0.880385;0.0427351;1221.56;743.165;31.8091;0.830847;-0.999923;0.564425;
6874.39;0.0707107;-0.0707107;0;-38.637;28.2843;10.3528;-58453;42489;11421;-31.1018;19.792;5.65487;1.30769;0.846154;0.205128;0.872897;-0.931539;-0.0854701;1221.56;742.27;31.8091;1.39734;-0.866693;0;
6906.31;0.0707107;-0.0707107;0;-38.637;28.2843;10.3528;-58610;42607;11455;-28.2743;22.6195;5.65487;0.974359;0.948718;0.333333;0.754538;-0.846256;0.102564;1221.56;741.375;31.8091;1.39734;-0.866694;2.09808e-05;
6938.26;0.0707107;-0.0707107;0;-38.637;28.2843;10.3528;-58933;42852;11517;-25.4469;22.6195;5.65487;1.20513;0.897436;0.307692;0.872897;-0.897436;9.93411e-09;1221.79;740.704;31.4592;0.837032;-0.99489;-0.34984;
6969.95;0.0707107;-0.0707107;0;-38.637;28.2843;10.3528;-59244;43093;11584;-25.4469;22.6195;2.82743;1.33333;1;0.282051;0.932077;-1.01708;-0.017094;1222.46;740.032;31.5945;0.403182;-1.69841;0.135218;
7001.04;0.0707107;-0.0707107;0;-38.637;28.2843;10.3528;-59545;43321;11649;-25.4469;22.6195;5.65487;1.53846;1.17949;0.282051;1.05044;-1.2051;-0.025641;1222.46;739.361;31.5268;1.05119;-0.64485;-0.0676231;
7031.96;0.0707107;-0.0707107;0;-38.637;28.2843;10.3528;-59705;43442;11683;-28.2743;16.9646;5.65487;1.61538;1;0.410256;1.16879;-1.06831;-0.0683761;1222.91;737.795;31.8091;2.01103;-2.21652;0.282215;
7062.54;0.0707107;-0.0707107;0;-38.637;28.2843;10.3528;-59999;43673;11734;-25.4469;22.6195;5.65487;1.53846;1.02564;0.564103;1.21318;-1.00856;0.017094;1222.91;737.795;31.8091;0;0;0;
7094.5;0.0707107;-0.0707107;0;-38.637;28.2843;10.3528;-60312;43917;11786;-28.2743;19.792;5.65487;1.15385;1;0.358974;0.872898;-0.931692;0.0683761;1223.58;737.571;31.2445;-0.289358;-1.26947;-0.564514;
7126.54;0.0707107;-0.0707107;0;-38.637;28.2843;10.3528;-60618;44153;11848;-25.4469;16.9646;5.65487;1.17949;1.12821;0.307692;0.858103;-1.04282;0.0854701;1224.03;736.676;31.4592;0.972762;-1.56071;0.21468;
7157.53;0.0707107;-0.0707107;0;-38.637;28.2843;10.3528;-60766;44268;11882;-25.4469;22.6195;5.65487;1.61538;0.897436;0.282051;1.09482;-1.04259;-0.145299;1224.25;735.781;31.5269;1.18616;-1.21077;0.0676498;
7188.74;0.0707107;-0.0707107;0;-38.637;28.2843;10.3528;-61079;44501;11957;-28.2743;19.792;5.65487;0.974359;0.897436;0.25641;0.710154;-0.837667;0.0598291;1224.25;735.11;31.8091;1.048;-0.65002;0.282192;
7218.7;0.0707107;-0.0707107;0;-38.637;28.2843;10.3528;-61403;44731;12026;-28.2743;19.792;5.65487;0.948718;0.923077;0.25641;0.695359;-0.846231;0.0769231;1224.7;733.991;31.1743;1.33222;-1.76864;-0.634716;
7248.73;0.0707107;-0.0707107;0;-38.637;28.2843;10.3528;-61557;44843;12062;-28.2743;16.9646;8.4823;1.25641;1.15385;0.25641;0.872898;-1.10262;0.0512821;1224.92;732.872;31.8767;1.52804;-1.43494;0.70232;
7279.68;0.0707107;-0.0707107;0;-38.637;28.2843;10.3528;-61872;45060;12130;-28.2743;19.792;5.65487;1.07692;1.17949;0.25641;0.769333;-1.05995;0.119658;1225.14;732.425;31.809;0.48149;-0.783499;-0.0676422;
7311.81;0.0707107;-0.0707107;0;-38.637;28.2843;10.3528;-62177;45274;12197;-28.2743;19.792;5.65487;1.28205;1.05128;0.358974;0.946872;-1.00859;0.042735;1225.37;731.53;31.5254;1.1864;-1.21061;-0.283636;
7343.43;0.0707107;-0.0707107;0;-38.637;28.2843;10.3528;-62336;45381;12223;-28.2743;16.9646;2.82743;1.17949;1.15385;0.435897;0.932077;-1.01723;0.136752;1225.81;730.188;31.5256;1.67166;-1.99166;0.000181198;
7374.25;0.0707107;-0.0707107;0;-38.637;28.2843;10.3528;-62656;45594;12278;-31.1018;19.792;5.65487;1.02564;1.33333;0.384615;0.813718;-1.1028;0.230769;1226.04;729.292;31.809;1.18016;-1.21685;0.283463;
7406.26;0.0707107;-0.0707107;0;-38.637;28.2843;10.3528;-62960;45799;12339;-28.2743;19.792;5.65487;1.33333;1.12821;0.333333;0.961667;-1.08551;0.0427351;1226.04;728.621;31.5268;1.05119;-0.644849;-0.282223;
7437.26;0.0707107;-0.0707107;0;-38.637;28.2843;10.3528;-63269;46003;12398;-25.4469;19.792;5.65487;1.51282;1.17949;0.384615;1.09482;-1.16241;0.017094;1226.26;727.726;31.4592;1.1878;-1.20923;-0.0676022;
7468.24;0.0707107;-0.0707107;0;-38.637;28.2843;10.3528;-63420;46115;12428;-28.2743;16.9646;2.82743;1.25641;1.33333;0.461538;0.991256;-1.15403;0.179487;1226.26;727.726;31.4592;0;0;0;
7500.32;0.0707107;-0.0707107;0;-38.637;28.2843;10.3528;-63736;46324;12478;-25.4469;22.6195;2.82743;1.33333;1.20513;0.512821;1.06523;-1.07705;0.128205;1226.71;725.936;31.2446;1.40581;-0.852886;-7.62939e-06;
7532.29;0.0707107;-0.0707107;0;-38.637;28.2843;10.3528;-64054;46545;12526;-31.1018;19.792;2.82743;1.23077;0.948718;0.487179;0.991256;-0.88041;0.0683761;1226.71;725.041;31.2447;1.40581;-0.852886;1.90735e-05;
7562.25;0.0707107;-0.0707107;0;-38.637;28.2843;10.3528;-64215;46657;12552;-28.2743;19.792;5.65487;1.25641;1.10256;0.512821;1.02085;-0.983026;0.119658;1226.93;724.594;31.5269;0.485342;-0.781119;0.282219;
7594.43;0.0707107;-0.0707107;0;-38.637;28.2843;10.3528;-64528;46891;12602;-25.4469;19.792;5.65487;1.46154;1.17949;0.487179;1.12441;-1.11118;0.0683761;1226.93;724.594;31.5269;0;0;0;
7624.27;0.0707107;-0.0707107;0;-38.637;28.2843;10.3528;-64847;47129;12658;-28.2743;22.6195;2.82743;1.02564;0.974359;0.461538;0.858103;-0.837744;0.136752;1227.38;723.475;30.8935;1.34078;-1.76203;-0.633324;
7654.28;0.0707107;-0.0707107;0;-38.637;28.2843;10.3528;-65170;47375;12714;-28.2743;19.792;5.65487;1.10256;0.923077;0.538462;0.946872;-0.803538;0.119658;1227.6;722.356;31.2446;1.54377;-1.418;0.351097;
7685.29;0.0707107;-0.0707107;0;-38.637;28.2843;10.3528;-65326;47490;12739;-28.2743;19.792;5.65487;1.07692;0.717949;0.512821;0.917282;-0.666718;0.051282;1227.83;721.685;31.8091;0.830942;-0.999982;0.564415;
7716.32;0.0707107;-0.0707107;0;-38.637;28.2843;10.3528;-65647;47733;12792;-25.4469;19.792;2.82743;0.897436;0.846154;0.435897;0.769333;-0.718077;0.128205;1228.5;720.566;31.2446;1.11635;-2.1223;-0.564434;
7747.26;0.0707107;-0.0707107;0;-38.637;28.2843;10.3528;-65946;47977;12842;-25.4469;19.792;2.82743;1.53846;0.74359;0.461538;1.154;-0.85459;-0.111111;1228.5;720.119;31.2446;0.702905;-0.426443;0;
7779.29;0.0707107;-0.0707107;0;-38.637;28.2843;10.3528;-66103;48097;12869;-28.2743;22.6195;5.65487;1.23077;0.923077;0.461538;0.976462;-0.871846;0.051282;1229.17;719;31.8091;1.09549;-2.13325;0.564453;
7810.48;0.0707107;-0.0707107;0;-38.637;28.2843;10.3528;-66412;48343;12928;-28.2743;22.6195;5.65487;1.15385;0.871795;0.435897;0.917282;-0.820564;0.0512821;1229.4;718.552;31.8767;0.480682;-0.783877;0.0676193;
7842.28;0.0707107;-0.0707107;0;-38.637;28.2843;10.3528;-66714;48575;12978;-28.2743;19.792;5.65487;1.35897;1;0.487179;1.06523;-0.957308;0.0427351;1230.07;717.881;31.1743;0.415741;-1.69521;-0.702351;
7873.28;0.0707107;-0.0707107;0;-38.637;28.2843;10.3528;-67021;48814;13040;-22.6195;22.6195;5.65487;1.48718;0.948718;0.307692;1.03564;-1.02556;-0.0769231;1230.07;717.21;30.8935;1.05826;-0.633192;-0.2808;
7904.24;0.0707107;-0.0707107;0;-38.637;28.2843;10.3528;-67176;48935;13073;-25.4469;19.792;5.65487;1.33333;0.871795;0.307692;0.946872;-0.923026;-0.0512821;1230.51;716.091;31.5268;1.32132;-1.7768;0.633286;
7934.27;0.0707107;-0.0707107;0;-38.637;28.2843;10.3528;-67499;49164;13139;-28.2743;19.792;8.4823;1.23077;1.07692;0.282051;0.872898;-1.03423;0.0427351;1230.51;715.196;31.5268;1.4014;-0.859682;-2.28882e-05;
7964.72;0.0707107;-0.0707107;0;-38.637;28.2843;10.3528;-67817;49404;13210;-25.4469;19.792;5.65487;1.15385;1.10256;0.333333;0.858103;-1.00864;0.0940171;1230.74;714.525;31.5254;0.835883;-0.995856;-0.00142097;
7995.68;0.0707107;-0.0707107;0;-38.637;28.2843;10.3528;-67979;49517;13241;-31.1018;19.792;5.65487;1.35897;0.871795;0.358974;0.991256;-0.914487;-0.042735;1230.29;712.959;31.2447;2.88716;-0.788519;-0.280735;
8026.67;0.0707107;-0.0707107;0;-38.637;28.2843;10.3528;-68316;49754;13314;-28.2743;22.6195;8.4823;0.923077;0.846154;0.25641;0.680564;-0.786385;0.0598291;1230.74;711.84;31.177;1.33226;-1.76851;-0.0676823;
8058.39;0.0707107;-0.0707107;0;-38.637;28.2843;10.3528;-68654;49989;13397;-31.1018;19.792;8.4823;0.871795;0.871795;0.153846;0.591795;-0.820564;0.0512821;1230.96;710.945;30.8935;1.19957;-1.19764;-0.28344;
8090.3;0.0707107;-0.0707107;0;-38.637;28.2843;10.3528;-68818;50105;13437;-31.1018;22.6195;8.4823;0.923077;1.12821;0.25641;0.680564;-0.974513;0.153846;1231.18;709.826;31.2446;1.54366;-1.41819;0.351063;
8121.89;0.0707107;-0.0707107;0;-38.637;28.2843;10.3528;-69151;50337;13501;-28.2743;22.6195;5.65487;0.897436;1;0.358974;0.724949;-0.846308;0.153846;1231.18;709.826;31.2446;0;0;0;
8153.82;0.0707107;-0.0707107;0;-38.637;28.2843;10.3528;-69485;50571;13567;-31.1018;19.792;8.4823;1.10256;1;0.282051;0.798923;-0.940231;0.0598291;1231.18;709.379;31.2446;0.702905;-0.426443;0;
8184.01;0.0707107;-0.0707107;0;-38.637;28.2843;10.3528;-69805;50804;13637;-28.2743;22.6195;8.4823;1;1;0.205128;0.695359;-0.931692;0.0683761;1231.41;708.484;31.5268;1.18626;-1.21083;0.282215;
8213.96;0.0707107;-0.0707107;0;-38.637;28.2843;10.3528;-69978;50929;13677;-31.1018;22.6195;5.65487;1.17949;0.871795;0.179487;0.784128;-0.914487;-0.0427351;1231.86;707.365;30.8936;1.34078;-1.76203;-0.633242;
8244.94;0.0707107;-0.0707107;0;-38.637;28.2843;10.3528;-70295;51163;13742;-25.4469;19.792;5.65487;1.12821;0.897436;0.410256;0.887692;-0.837667;0.059829;1232.3;706.246;31.5268;1.32132;-1.7768;0.63328;
8276.21;0.0707107;-0.0707107;0;-38.637;28.2843;10.3528;-70614;51406;13806;-25.4469;22.6195;5.65487;1.05128;1.05128;0.282051;0.769333;-0.957359;0.0940171;1232.3;705.575;31.8091;1.048;-0.65002;0.282217;
8308.27;0.0707107;-0.0707107;0;-38.637;28.2843;10.3528;-70765;51528;13839;-22.6195;19.792;5.65487;1.5641;0.871795;0.333333;1.09482;-0.991333;-0.119658;1232.75;704.68;30.8936;0.988123;-1.55103;-0.915493;
8340.23;0.0707107;-0.0707107;0;-38.637;28.2843;10.3528;-71068;51752;13903;-28.2743;22.6195;5.65487;1.20513;0.871795;0.358974;0.902487;-0.863256;0.00854702;1232.97;703.785;31.5255;1.18609;-1.21068;0.631945;
8371.29;0.0707107;-0.0707107;0;-38.637;28.2843;10.3528;-71375;51987;13959;-28.2743;16.9646;2.82743;1.28205;0.871795;0.435897;0.991256;-0.863256;0.008547;1233.2;703.114;31.5268;0.835858;-0.995877;0.00133133;
8402.07;0.0707107;-0.0707107;0;-38.637;28.2843;10.3528;-71680;52229;14006;-28.2743;19.792;5.65487;1.48718;0.769231;0.487179;1.13921;-0.846077;-0.0769231;1233.87;701.995;31.5255;1.10594;-2.12775;-0.00133705;
8432.37;0.0707107;-0.0707107;0;-38.637;28.2843;10.3528;-71825;52349;14030;-28.2743;22.6195;5.65487;1.30769;1.02564;0.410256;0.991256;-0.982949;0.0427351;1234.09;701.548;31.8091;0.481606;-0.783309;0.283628;
8463.39;0.0707107;-0.0707107;0;-38.637;28.2843;10.3528;-72122;52590;14086;-28.2743;22.6195;5.65487;1.28205;1.02564;0.410256;0.976462;-0.97441;0.0512821;1234.54;700.653;31.813;0.963106;-1.56668;0.00390625;
8493.38;0.0707107;-0.0707107;0;-38.637;28.2843;10.3528;-72425;52831;14145;-28.2743;22.6195;5.65487;1.38462;0.974359;0.410256;1.03564;-0.974359;-9.93411e-09;1234.77;699.534;32.1576;1.52087;-1.44261;0.344521;
8524.35;0.0707107;-0.0707107;0;-38.637;28.2843;10.3528;-72571;52946;14176;-28.2743;22.6195;5.65487;1.25641;0.871795;0.384615;0.946872;-0.871795;9.93411e-09;1234.77;698.639;31.2446;1.40571;-0.852828;-0.912941;
8557.99;0.0707107;-0.0707107;0;-38.637;28.2843;10.3528;-72887;53189;14228;-28.2743;22.6195;5.65487;1.07692;0.846154;0.487179;0.902487;-0.760769;0.0854701;1235.21;697.744;31.4592;0.972762;-1.56071;0.2146;
8588.38;0.0707107;-0.0707107;0;-38.637;28.2843;10.3528;-73194;53430;14286;-28.2743;19.792;8.4823;1.35897;0.820513;0.358974;0.991256;-0.880282;-0.059829;1235.21;697.744;31.4592;0;0;0;
8619.45;0.0707107;-0.0707107;0;-38.637;28.2843;10.3528;-73513;53653;14345;-28.2743;19.792;5.65487;1.41026;0.974359;0.358974;1.02085;-0.999974;-0.025641;1235.88;696.177;31.809;0.830943;-0.999982;-0.348516;
8651.39;0.0707107;-0.0707107;0;-38.637;28.2843;10.3528;-73674;53771;14378;-25.4469;19.792;5.65487;1.30769;0.948718;0.333333;0.946872;-0.957256;-0.008547;1235.88;696.177;31.809;0;0;0;
8683.37;0.0707107;-0.0707107;0;-38.637;28.2843;10.3528;-73982;53990;14444;-25.4469;16.9646;5.65487;1.33333;0.948718;0.384615;0.991256;-0.948718;-9.93411e-09;1235.88;695.506;31.5268;1.05119;-0.644849;-0.282228;
8713.38;0.0707107;-0.0707107;0;-38.637;28.2843;10.3528;-74301;54219;14500;-28.2743;19.792;5.65487;1.07692;0.871795;0.384615;0.843308;-0.812026;0.059829;1235.88;694.611;31.5268;1.40159;-0.859799;0;
8744.38;0.0707107;-0.0707107;0;-38.637;28.2843;10.3528;-74460;54342;14532;-25.4469;19.792;2.82743;1.25641;1.02564;0.307692;0.902487;-1.00003;0.0256411;1236.11;693.492;30.8205;1.55411;-1.40673;-0.706276;
8776.42;0.0707107;-0.0707107;0;-38.637;28.2843;10.3528;-74785;54568;14595;-28.2743;22.6195;5.65487;1.25641;1.05128;0.307692;0.902487;-1.01713;0.034188;1236.33;692.374;31.8741;1.52779;-1.43494;1.05354;
8808.34;0.0707107;-0.0707107;0;-38.637;28.2843;10.3528;-75111;54796;14661;-28.2743;22.6195;5.65487;0.974359;1.28205;0.435897;0.813718;-1.03444;0.247863;1236.33;692.15;30.8935;0.352752;-0.211064;-0.980562;
8839.42;0.0707107;-0.0707107;0;-38.637;28.2843;10.3528;-75436;55019;14714;-28.2743;16.9646;2.82743;1.23077;1.10256;0.487179;0.991256;-0.983026;0.119658;1236.56;691.031;31.2446;1.54366;-1.41819;0.351109;
8870.36;0.0707107;-0.0707107;0;-38.637;28.2843;10.3528;-75588;55126;14737;-28.2743;19.792;2.82743;1.05128;1.30769;0.589744;0.946872;-1.02592;0.282051;1236.78;690.36;31.809;0.830848;-0.999922;0.564407;
8900.42;0.0707107;-0.0707107;0;-38.637;28.2843;10.3528;-75907;55352;14787;-25.4469;16.9646;5.65487;1;1.15385;0.487179;0.858103;-0.940385;0.213675;1237.45;689.241;31.2446;1.11657;-2.12217;-0.564392;
8932.04;0.0707107;-0.0707107;0;-38.637;28.2843;10.3528;-76210;55572;14837;-25.4469;16.9646;2.82743;1.41026;1.23077;0.410256;1.05044;-1.15392;0.0769231;1237.45;688.346;31.2447;1.40581;-0.852886;2.28882e-05;
8963.06;0.0707107;-0.0707107;0;-38.637;28.2843;10.3528;-76370;55678;14863;-28.2743;22.6195;5.65487;1.17949;1.07692;0.461538;0.946872;-0.957385;0.119658;1237.45;687.899;31.2447;0.702905;-0.426443;-3.8147e-06;
8994.64;0.0707107;-0.0707107;0;-38.637;28.2843;10.3528;-76680;55896;14923;-28.2743;19.792;5.65487;1.38462;1.12821;0.461538;1.06523;-1.0599;0.0683761;1238.12;686.556;31.5268;1.45628;-2.34272;0.282196;
9026.67;0.0707107;-0.0707107;0;-38.637;28.2843;10.3528;-76976;56107;14972;-25.4469;16.9646;5.65487;1.51282;1.38462;0.538462;1.18359;-1.248;0.136752;1238.34;685.661;31.2447;1.1922;-1.20497;-0.282196;
9057.29;0.0707107;-0.0707107;0;-38.637;28.2843;10.3528;-77275;56322;15022;-22.6195;16.9646;5.65487;1.66667;1.28205;0.435897;1.21318;-1.26497;0.017094;1238.34;685.661;31.2447;0;0;0;
9088.3;0.0707107;-0.0707107;0;-38.637;28.2843;10.3528;-77421;56432;15046;-25.4469;19.792;2.82743;1.41026;1.05128;0.538462;1.12441;-0.991513;0.0598291;1238.34;685.214;31.2447;0.702905;-0.426443;0;
9119.25;0.0707107;-0.0707107;0;-38.637;28.2843;10.3528;-77716;56644;15091;-25.4469;19.792;2.82743;1.64103;1.05128;0.461538;1.21318;-1.09397;-0.0427351;1239.02;683.871;31.5268;1.45638;-2.34278;0.282188;
9150.24;0.0707107;-0.0707107;0;-38.637;28.2843;10.3528;-78006;56870;15141;-22.6195;16.9646;5.65487;1.74359;1.12821;0.538462;1.31674;-1.15382;-0.025641;1239.46;683.647;31.5945;-0.081356;-0.916908;0.0676231;
9181.26;0.0707107;-0.0707107;0;-38.637;28.2843;10.3528;-78145;56980;15166;-28.2743;19.792;5.65487;1.23077;0.871795;0.641026;1.08003;-0.777872;0.0940171;1239.46;682.976;31.8741;1.04727;-0.651209;0.27964;
9213.23;0.0707107;-0.0707107;0;-38.637;28.2843;10.3528;-78438;57204;15204;-25.4469;16.9646;2.82743;1.53846;0.923077;0.538462;1.19838;-0.948692;-0.025641;1239.69;681.858;31.5282;1.53643;-1.42569;-0.345932;
9243.51;0.0707107;-0.0707107;0;-38.637;28.2843;10.3528;-78727;57429;15241;-25.4469;19.792;2.82743;1.82051;0.948718;0.564103;1.37592;-1.05118;-0.102564;1240.14;681.186;31.2446;0.627149;-1.34383;-0.283546;
9273.33;0.0707107;-0.0707107;0;-38.637;28.2843;10.3528;-79010;57653;15286;-22.6195;16.9646;5.65487;1.64103;0.948718;0.461538;1.21318;-1.02556;-0.0769231;1240.36;680.515;31.8091;0.830942;-0.999982;0.56443;
9304.25;0.0707107;-0.0707107;0;-38.637;28.2843;10.3528;-79165;57767;15311;-25.4469;19.792;2.82743;1.33333;0.974359;0.435897;1.02085;-0.948744;0.025641;1240.58;679.844;31.4592;0.837032;-0.99489;-0.349806;
9334.26;0.0707107;-0.0707107;0;-38.637;28.2843;10.3528;-79478;58004;15364;-28.2743;22.6195;5.65487;1.28205;0.846154;0.410256;0.976462;-0.854692;-0.00854702;1241.03;678.725;31.5255;1.32126;-1.77671;0.066267;
9365.27;0.0707107;-0.0707107;0;-38.637;28.2843;10.3528;-79777;58241;15426;-25.4469;22.6195;2.82743;1.4359;0.74359;0.384615;1.05044;-0.846051;-0.102564;1241.25;677.83;31.8091;1.1804;-1.21646;0.283546;
9396.28;0.0707107;-0.0707107;0;-38.637;28.2843;10.3528;-79940;58367;15453;-25.4469;19.792;5.65487;1.35897;1.20513;0.512821;1.08003;-1.08559;0.119658;1241.25;677.159;31.5269;1.05119;-0.64485;-0.28219;
9428.37;0.0707107;-0.0707107;0;-38.637;28.2843;10.3528;-80250;58612;15507;-25.4469;16.9646;5.65487;1.51282;1.02564;0.384615;1.09482;-1.05979;-0.034188;1241.93;676.04;31.5255;1.10582;-2.12794;-0.00135612;
9460.27;0.0707107;-0.0707107;0;-38.637;28.2843;10.3528;-80550;58849;15563;-28.2743;19.792;5.65487;1.33333;1.02564;0.333333;0.961667;-1.0171;0.00854702;1241.93;676.04;31.5255;0;0;0;
9491.75;0.0707107;-0.0707107;0;-38.637;28.2843;10.3528;-80708;58973;15595;-25.4469;22.6195;5.65487;1.51282;0.794872;0.358974;1.08003;-0.91441;-0.119658;1241.93;675.145;31.5255;1.40161;-0.859767;0;
9523.76;0.0707107;-0.0707107;0;-38.637;28.2843;10.3528;-81002;59212;15666;-22.6195;22.6195;5.65487;1.51282;0.74359;0.307692;1.05044;-0.897282;-0.153846;1242.15;674.25;31.809;1.1804;-1.21646;0.283531;
9554.77;0.0707107;-0.0707107;0;-38.637;28.2843;10.3528;-81309;59461;15726;-28.2743;22.6195;2.82743;1.33333;0.717949;0.333333;0.961667;-0.811872;-0.0940171;1242.6;673.131;31.5268;1.32132;-1.7768;-0.282238;
9586.92;0.0707107;-0.0707107;0;-38.637;28.2843;10.3528;-81619;59703;15799;-25.4469;19.792;5.65487;1.07692;0.717949;0.153846;0.710154;-0.786256;-0.0683761;1242.6;672.46;31.809;1.04801;-0.650019;0.282215;
9617.22;0.0707107;-0.0707107;0;-38.637;28.2843;10.3528;-81769;59822;15837;-25.4469;19.792;8.4823;1.51282;1.05128;0.230769;1.00605;-1.12813;-0.0769231;1242.82;671.565;31.5255;1.18628;-1.2108;-0.283543;
9648.26;0.0707107;-0.0707107;0;-38.637;28.2843;10.3528;-82070;60058;15922;-28.2743;19.792;5.65487;1.30769;1.02564;0.102564;0.813718;-1.08541;-0.059829;1243.04;671.341;31.8741;0.13163;-0.566785;0.348591;
9678.08;0.0707107;-0.0707107;0;-38.637;28.2843;10.3528;-82372;60282;15995;-28.2743;22.6195;8.4823;1.33333;1.20513;0.205128;0.887692;-1.17951;0.025641;1243.04;670.223;31.8091;1.74648;-1.08325;-0.0649681;
9709.1;0.0707107;-0.0707107;0;-38.637;28.2843;10.3528;-82674;60506;16075;-28.2743;19.792;5.65487;1.25641;1.05128;0.0769231;0.769333;-1.09397;-0.042735;1243.71;669.104;32.1575;1.08249;-2.13988;0.348434;
9740.59;0.0707107;-0.0707107;0;-38.637;28.2843;10.3528;-82834;60612;16116;-28.2743;16.9646;8.4823;1.07692;1.25641;0.102564;0.680564;-1.16249;0.0940171;1243.71;668.209;32.1575;1.39195;-0.875116;0;
9772.43;0.0707107;-0.0707107;0;-38.637;28.2843;10.3528;-83147;60838;16199;-25.4469;19.792;5.65487;1.05128;1.25641;0.25641;0.754539;-1.10272;0.153846;1243.94;667.538;31.5945;0.834682;-0.996863;-0.563068;
9803.03;0.0707107;-0.0707107;0;-38.637;28.2843;10.3528;-83452;61055;16268;-28.2743;22.6195;8.4823;1.38462;1.20513;0.282051;0.961667;-1.17097;0.034188;1244.16;666.419;32.159;1.52083;-1.44264;0.564507;
9833.31;0.0707107;-0.0707107;0;-38.637;28.2843;10.3528;-83611;61164;16302;-28.2743;16.9646;5.65487;1.07692;1.02564;0.25641;0.769333;-0.957333;0.0683761;1244.39;665.3;31.8091;1.52952;-1.43327;-0.349922;
9864.31;0.0707107;-0.0707107;0;-38.637;28.2843;10.3528;-83905;61385;16379;-25.4469;16.9646;8.4823;1.15385;1.05128;0.179487;0.769333;-1.02567;0.025641;1244.39;665.3;31.8091;0;0;0;
9894.7;0.0707107;-0.0707107;0;-38.637;28.2843;10.3528;-84210;61593;16452;-25.4469;16.9646;5.65487;1.61538;1.35897;0.282051;1.09482;-1.35044;0.00854702;1246.18;658.811;32.0914;1.30365;-1.78968;0.282303;
10112.4;0.0707107;-0.0707107;0;-38.637;28.2843;10.3528;-86236;63034;16915;-28.2743;22.6195;5.65487;1.51282;1.20513;0.435897;1.12441;-1.16244;0.0427351;1246.4;658.364;32.1576;0.476834;-0.786224;0.0662117;
10142.7;0.0707107;-0.0707107;0;-38.637;28.2843;10.3528;-86382;63144;16942;-28.2743;19.792;2.82743;1.23077;0.974359;0.487179;0.991256;-0.897513;0.0769231;1248.64;654.113;32.4384;0.251987;-1.13605;0.345833;
10364.2;0.0707107;-0.0707107;0;-38.637;28.2843;10.3528;-88158;64555;17263;-25.4469;19.792;5.65487;1.10256;0.846154;0.410256;0.872897;-0.794923;0.0512821;1248.86;653.218;31.813;1.18007;-1.21693;-0.625395;
10394.4;0.0707107;-0.0707107;0;-38.637;28.2843;10.3528;-88309;64670;17295;-25.4469;19.792;5.65487;1.12821;0.794872;0.333333;0.843308;-0.794872;-9.93411e-09;1248.86;653.218;31.813;0;0;0;
10424.5;0.0707107;-0.0707107;0;-38.637;28.2843;10.3528;-88463;64797;17316;8.4823;-5.65487;-5.65487;0.0769231;0.0512821;0.025641;-0.0591795;0.0512821;6.20882e-10;1249.08;652.323;32.4384;1.16696;-1.22936;0.625406;
10456.4;0.0707107;-0.0707107;0;-38.637;28.2843;10.3528;-88610;64913;17355;-25.4469;19.792;5.65487;1.33333;0.948718;0.205128;0.887692;-1.00849;-0.0598291;1249.98;650.98;32.4385;1.19803;-2.71321;4.19617e-05;
10488.6;0.0707107;-0.0707107;0;-38.637;28.2843;10.3528;-88912;65125;17429;-25.4469;16.9646;5.65487;1.12821;1.02564;0.358974;0.858103;-0.940256;0.0854701;1249.98;650.756;32.3761;0.347173;-0.22012;-0.0623169;
10520.4;0.0707107;-0.0707107;0;-38.637;28.2843;10.3528;-89234;65348;17485;-31.1018;19.792;5.65487;1.41026;1.20513;0.358974;1.02085;-1.1539;0.0512821;1250.2;650.309;32.4411;0.472937;-0.788574;0.0649567;
10552.4;0.0707107;-0.0707107;0;-38.637;28.2843;10.3528;-89557;65580;17552;-28.2743;19.792;5.65487;1.05128;1.15385;0.282051;0.769333;-1.02577;0.128205;1250.2;649.414;32.0914;1.39305;-0.873567;-0.349747;
10582.3;0.0707107;-0.0707107;0;-38.637;28.2843;10.3528;-89720;65689;17585;-28.2743;19.792;5.65487;1.12821;0.948718;0.282051;0.813718;-0.914564;0.034188;1250.65;648.071;32.0914;1.65182;-2.00801;-7.62939e-06;
10612.4;0.0707107;-0.0707107;0;-38.637;28.2843;10.3528;-90049;65911;17657;-28.2743;19.792;5.65487;1.07692;0.974359;0.333333;0.813718;-0.897513;0.0769231;1250.88;646.953;32.4385;1.51377;-1.45004;0.347103;
10644.4;0.0707107;-0.0707107;0;-38.637;28.2843;10.3528;-90380;66136;17715;-28.2743;22.6195;2.82743;0.974359;1.02564;0.384615;0.784128;-0.880487;0.145299;1251.1;646.281;32.0913;0.826007;-1.00406;-0.347191;
10675.4;0.0707107;-0.0707107;0;-38.637;28.2843;10.3528;-90541;66245;17741;-28.2743;22.6195;5.65487;1.23077;1.10256;0.487179;0.991256;-0.983026;0.119658;1251.1;645.61;31.8091;1.04791;-0.649961;-0.282207;
10706.6;0.0707107;-0.0707107;0;-38.637;28.2843;10.3528;-90873;66472;17793;-28.2743;19.792;5.65487;0.820513;1.12821;0.487179;0.754538;-0.863513;0.264957;1251.1;644.268;31.8091;2.09601;-1.30004;8.7738e-05;
10738.6;0.0707107;-0.0707107;0;-38.637;28.2843;10.3528;-91193;66706;17844;-28.2743;19.792;2.82743;1.15385;0.871795;0.384615;0.887692;-0.837641;0.034188;1251.77;642.925;31.5255;1.45634;-2.34269;-0.283636;
10770.9;0.0707107;-0.0707107;0;-38.637;28.2843;10.3528;-91517;66934;17898;-25.4469;19.792;5.65487;1.35897;0.871795;0.461538;1.05044;-0.880333;-0.008547;1251.99;642.03;31.8091;1.18028;-1.21666;0.283548;
10802.6;0.0707107;-0.0707107;0;-38.637;28.2843;10.3528;-91683;67056;17925;-25.4469;19.792;2.82743;1.15385;1.10256;0.512821;0.961667;-0.948872;0.153846;1252.22;641.359;32.1575;0.824845;-1.00502;0.348461;
10834.8;0.0707107;-0.0707107;0;-38.637;28.2843;10.3528;-91988;67283;17974;-28.2743;22.6195;2.82743;1.46154;1.07692;0.538462;1.154;-1.02569;0.0512821;1252.44;640.016;32.0914;1.87091;-1.65905;-0.0661545;
10864.6;0.0707107;-0.0707107;0;-38.637;28.2843;10.3528;-92307;67523;18019;-28.2743;22.6195;2.82743;1.10256;0.897436;0.487179;0.917282;-0.803513;0.0940171;1252.89;639.345;31.809;0.613881;-1.34994;-0.282337;
10894.6;0.0707107;-0.0707107;0;-38.637;28.2843;10.3528;-92638;67775;18073;-28.2743;22.6195;2.82743;0.974359;0.74359;0.384615;0.784128;-0.692359;0.0512821;1252.89;638.45;31.809;1.39734;-0.866692;0;
10925.5;0.0707107;-0.0707107;0;-38.637;28.2843;10.3528;-92789;67892;18100;-25.4469;22.6195;5.65487;1.46154;0.74359;0.410256;1.08003;-0.846051;-0.102564;1253.34;637.555;31.809;0.963121;-1.56656;3.8147e-06;
10957.2;0.0707107;-0.0707107;0;-38.637;28.2843;10.3528;-93106;68138;18156;-28.2743;25.4469;5.65487;0.948718;0.794872;0.589744;0.887692;-0.649718;0.145299;1253.78;636.66;31.809;0.963121;-1.56656;-3.8147e-06;
10988.7;0.0707107;-0.0707107;0;-38.637;28.2843;10.3528;-93422;68387;18208;-25.4469;22.6195;5.65487;1.23077;0.692308;0.512821;1.00605;-0.700846;-0.00854701;1254.01;635.765;31.177;1.19363;-1.20356;-0.632034;
11020.6;0.0707107;-0.0707107;0;-38.637;28.2843;10.3528;-93572;68505;18232;-28.2743;19.792;2.82743;1.25641;0.923077;0.461538;0.991256;-0.880385;0.0427351;1254.45;634.87;32.0926;0.955356;-1.5713;0.915588;
11052.3;0.0707107;-0.0707107;0;-38.637;28.2843;10.3528;-93883;68747;18284;-28.2743;22.6195;5.65487;1.07692;0.974359;0.435897;0.872898;-0.863359;0.111111;1254.45;634.87;32.0926;0;0;0;
11084.2;0.0707107;-0.0707107;0;-38.637;28.2843;10.3528;-94191;68993;18342;-28.2743;22.6195;5.65487;1.30769;0.923077;0.384615;0.976462;-0.923077;9.93411e-09;1254.68;634.423;31.8091;0.481606;-0.783309;-0.283432;
11116.3;0.0707107;-0.0707107;0;-38.637;28.2843;10.3528;-94510;69233;18403;-25.4469;19.792;2.82743;1.4359;0.871795;0.461538;1.09482;-0.905949;-0.034188;1255.35;633.08;31.5255;1.45643;-2.34275;-0.28363;
11148.3;0.0707107;-0.0707107;0;-38.637;28.2843;10.3528;-94678;69362;18435;-28.2743;25.4469;5.65487;1.15385;0.820513;0.410256;0.902487;-0.794897;0.025641;1255.57;632.185;31.8091;1.18028;-1.21666;0.283552;
11178.3;0.0707107;-0.0707107;0;-38.637;28.2843;10.3528;-94991;69596;18495;-25.4469;19.792;5.65487;1.20513;0.820513;0.282051;0.858103;-0.854667;-0.034188;1255.57;631.29;31.8091;1.39724;-0.866634;-3.8147e-06;
11208.3;0.0707107;-0.0707107;0;-38.637;28.2843;10.3528;-95313;69834;18558;-25.4469;19.792;5.65487;1.05128;1.05128;0.384615;0.828513;-0.923205;0.128205;1255.57;630.619;32.0914;1.04479;-0.655176;0.282297;
11240.3;0.0707107;-0.0707107;0;-38.637;28.2843;10.3528;-95475;69955;18592;-31.1018;19.792;5.65487;1.20513;0.948718;0.307692;0.872897;-0.931641;0.017094;1255.8;629.724;31.4592;1.18768;-1.20943;-0.632113;
11272.3;0.0707107;-0.0707107;0;-38.637;28.2843;10.3528;-95800;70186;18657;-25.4469;22.6195;5.65487;1.07692;0.846154;0.512821;0.917282;-0.752231;0.0940171;1256.02;628.605;31.8091;1.52961;-1.43333;0.349806;
11302.3;0.0707107;-0.0707107;0;-38.637;28.2843;10.3528;-96140;70428;18716;-31.1018;19.792;5.65487;0.769231;0.794872;0.384615;0.665769;-0.658256;0.136752;1256.24;627.71;31.5255;1.18628;-1.2108;-0.283548;
11334.2;0.0707107;-0.0707107;0;-38.637;28.2843;10.3528;-96475;70662;18777;-28.2743;19.792;5.65487;1.07692;0.871795;0.307692;0.798923;-0.837641;0.034188;1256.24;626.815;31.5255;1.40161;-0.859767;3.8147e-06;
11364.2;0.0707107;-0.0707107;0;-38.637;28.2843;10.3528;-96631;70775;18804;-25.4469;19.792;5.65487;0.974359;1.15385;0.435897;0.813718;-0.948923;0.205128;1256.47;625.92;31.8091;1.18009;-1.21654;0.283545;
11394.2;0.0707107;-0.0707107;0;-38.637;28.2843;10.3528;-96954;70999;18862;-25.4469;22.6195;2.82743;1.12821;1.23077;0.358974;0.858103;-1.07708;0.153846;1256.47;625.473;31.8091;0.698669;-0.433348;8.39233e-05;
11424.4;0.0707107;-0.0707107;0;-38.637;28.2843;10.3528;-97258;71217;18915;-25.4469;19.792;2.82743;1.46154;1.23077;0.641026;1.21318;-1.09415;0.136752;1256.69;624.354;32.159;1.52083;-1.44264;0.349838;
11456.3;0.0707107;-0.0707107;0;-38.637;28.2843;10.3528;-97414;71320;18933;-28.2743;19.792;2.82743;1.33333;1.48718;0.692308;1.16879;-1.20541;0.282051;1256.69;624.354;32.159;0;0;0;
11487.3;0.0707107;-0.0707107;0;-38.637;28.2843;10.3528;-97722;71536;18977;-28.2743;16.9646;5.65487;1.41026;1.35897;0.512821;1.10962;-1.20528;0.153846;1257.14;623.683;31.5256;0.620455;-1.34683;-0.633373;
11519.3;0.0707107;-0.0707107;0;-38.637;28.2843;10.3528;-98013;71745;19032;-25.4469;16.9646;2.82743;1.61538;1.33333;0.358974;1.13921;-1.30772;0.0256411;1257.36;623.235;31.8091;0.481608;-0.783309;0.283451;
11551.4;0.0707107;-0.0707107;0;-38.637;28.2843;10.3528;-98172;71852;19059;-28.2743;16.9646;5.65487;1.20513;1;0.435897;0.946872;-0.923154;0.0769231;1257.36;622.34;31.8091;1.39734;-0.866693;0;
11583.4;0.0707107;-0.0707107;0;-38.637;28.2843;10.3528;-98461;72062;19120;-25.4469;16.9646;5.65487;1.61538;1.41026;0.384615;1.154;-1.35049;0.0598291;1257.59;621.221;32.159;1.52083;-1.44264;0.349907;
11614.3;0.0707107;-0.0707107;0;-38.637;28.2843;10.3528;-98754;72275;19176;-22.6195;19.792;2.82743;1.76923;1.33333;0.512821;1.31674;-1.30772;0.0256411;1257.81;620.55;31.8091;0.830847;-0.999923;-0.349899;
11645.3;0.0707107;-0.0707107;0;-38.637;28.2843;10.3528;-99046;72491;19220;-25.4469;19.792;2.82743;1.61538;1.23077;0.487179;1.21318;-1.19662;0.0341881;1258.04;619.655;31.5255;1.18628;-1.2108;-0.283546;
11677.3;0.0707107;-0.0707107;0;-38.637;28.2843;10.3528;-99195;72594;19244;-28.2743;16.9646;2.82743;1.53846;1.05128;0.435897;1.13921;-1.06836;-0.017094;1258.26;619.208;31.8091;0.481607;-0.783309;0.283588;
11708.3;0.0707107;-0.0707107;0;-38.637;28.2843;10.3528;-99504;72823;19301;-25.4469;19.792;5.65487;1.46154;1.17949;0.358974;1.05044;-1.15387;0.0256411;1258.93;618.089;32.1575;1.08249;-2.13988;0.348427;
11740.3;0.0707107;-0.0707107;0;-38.637;28.2843;10.3528;-99814;73057;19360;-25.4469;19.792;5.65487;1.25641;1.12821;0.25641;0.872898;-1.08551;0.0427351;1259.38;617.194;32.1575;0.953669;-1.57245;-7.62939e-06;
11771.2;0.0707107;-0.0707107;0;-38.637;28.2843;10.3528;-100119;73291;19421;-28.2743;19.792;2.82743;1.02564;1.10256;0.487179;0.872898;-0.914718;0.188034;1259.38;616.299;32.1589;1.39202;-0.87521;0.00141907;
11802.2;0.0707107;-0.0707107;0;-38.637;28.2843;10.3528;-100281;73400;19447;-25.4469;19.792;5.65487;1.5641;0.897436;0.564103;1.22797;-0.93159;-0.034188;1259.15;615.627;31.8091;1.26507;-0.300059;-0.349833;
11832.3;0.0707107;-0.0707107;0;-38.637;28.2843;10.3528;-100591;73623;19502;-28.2743;19.792;5.65487;1.10256;0.974359;0.358974;0.843308;-0.897513;0.0769231;1259.83;614.509;32.1575;1.0823;-2.13976;0.348429;
11862.4;0.0707107;-0.0707107;0;-38.637;28.2843;10.3528;-100891;73845;19559;-28.2743;19.792;5.65487;1.17949;0.923077;0.410256;0.917282;-0.871846;0.051282;1259.83;614.509;32.1575;0;0;0;
11894.2;0.0707107;-0.0707107;0;-38.637;28.2843;10.3528;-101046;73967;19584;-25.4469;22.6195;2.82743;1.46154;1.07692;0.384615;1.06523;-1.07692;2.98023e-08;1259.83;613.838;31.8766;1.04724;-0.651256;-0.280891;
11926.2;0.0707107;-0.0707107;0;-38.637;28.2843;10.3528;-101349;74204;19641;-25.4469;19.792;5.65487;1.10256;0.948718;0.512821;0.932077;-0.82918;0.119658;1260.27;612.943;31.5282;0.971;-1.56169;-0.348448;
11958.2;0.0707107;-0.0707107;0;-38.637;28.2843;10.3528;-101659;74437;19695;-28.2743;19.792;5.65487;1.15385;0.897436;0.564103;0.991256;-0.794974;0.102564;1260.72;612.048;31.5256;0.970858;-1.56177;-0.00258827;
11989;0.0707107;-0.0707107;0;-38.637;28.2843;10.3528;-101968;74678;19747;-28.2743;22.6195;2.82743;1.48718;0.692308;0.435897;1.10962;-0.811846;-0.119658;1260.94;611.153;31.8091;1.18028;-1.21666;0.283461;
12019;0.0707107;-0.0707107;0;-38.637;28.2843;10.3528;-102116;74793;19777;-28.2743;19.792;5.65487;1.05128;1.07692;0.435897;0.858103;-0.923231;0.153846;1260.94;610.705;31.8091;0.69867;-0.433347;-7.62939e-06;
12049.4;0.0707107;-0.0707107;0;-38.637;28.2843;10.3528;-102428;75033;19833;-25.4469;19.792;5.65487;1.30769;1.20513;0.384615;0.976462;-1.11121;0.0940171;1261.17;609.81;31.5254;1.18629;-1.2108;-0.283634;
12081;0.0707107;-0.0707107;0;-38.637;28.2843;10.3528;-102742;75278;19890;-28.2743;19.792;2.82743;1.46154;0.923077;0.487179;1.12441;-0.940154;-0.017094;1261.61;608.691;31.8065;1.31253;-1.78317;0.28105;
12111.9;0.0707107;-0.0707107;0;-38.637;28.2843;10.3528;-102889;75395;19916;-25.4469;19.792;5.65487;1.17949;0.666667;0.589744;1.02085;-0.641051;0.025641;1261.84;608.02;31.8091;0.830942;-0.999982;0.00257492;
12143.7;0.0707107;-0.0707107;0;-38.637;28.2843;10.3528;-103198;75641;19959;-25.4469;22.6195;2.82743;1.38462;0.769231;0.641026;1.16879;-0.760692;0.00854701;1261.84;607.349;32.0914;1.04479;-0.655176;0.282303;
12175.9;0.0707107;-0.0707107;0;-38.637;28.2843;10.3528;-103517;75881;20012;-25.4469;19.792;5.65487;1.28205;0.820513;0.358974;0.946872;-0.854667;-0.034188;1262.51;606.454;32.1576;0.734481;-1.92108;0.0662041;
12206.9;0.0707107;-0.0707107;0;-38.637;28.2843;10.3528;-103830;76114;20072;-28.2743;19.792;5.65487;0.948718;0.846154;0.333333;0.739744;-0.769308;0.0769231;1262.73;605.559;32.0914;1.17427;-1.22246;-0.0662079;
12237.8;0.0707107;-0.0707107;0;-38.637;28.2843;10.3528;-103998;76239;20102;-25.4469;19.792;5.65487;1.33333;0.974359;0.358974;0.976462;-0.974359;-9.93411e-09;1263.18;604.664;32.2213;0.951919;-1.57351;0.129925;
12268.8;0.0707107;-0.0707107;0;-38.637;28.2843;10.3528;-104309;76468;20168;-28.2743;22.6195;5.65487;1.10256;1.12821;0.461538;0.902487;-0.965974;0.162393;1263.41;603.545;32.0926;1.52231;-1.44076;-0.128666;
12301;0.0707107;-0.0707107;0;-38.637;28.2843;10.3528;-104620;76678;20224;-25.4469;19.792;5.65487;1.10256;1.12821;0.384615;0.858103;-0.99159;0.136752;1263.63;602.65;31.8091;1.1804;-1.21646;-0.28355;
12330.8;0.0707107;-0.0707107;0;-38.637;28.2843;10.3528;-104934;76889;20281;-28.2743;16.9646;2.82743;1.30769;1;0.333333;0.946872;-0.991462;0.00854702;1263.63;601.979;31.5269;1.05119;-0.64485;-0.282209;
12360.9;0.0707107;-0.0707107;0;-38.637;28.2843;10.3528;-105082;76995;20310;-28.2743;19.792;5.65487;1.07692;1.35897;0.410256;0.858103;-1.12844;0.230769;1263.63;601.979;31.5269;0;0;0;
12391;0.0707107;-0.0707107;0;-38.637;28.2843;10.3528;-105400;77205;20369;-25.4469;19.792;5.65487;1.05128;1.35897;0.384615;0.828513;-1.12844;0.230769;1264.08;601.307;31.813;0.613786;-1.34999;0.286184;
12421.9;0.0707107;-0.0707107;0;-38.637;28.2843;10.3528;-105548;77311;20400;-25.4469;16.9646;5.65487;1.46154;1.28205;0.487179;1.12441;-1.17959;0.102564;1264.08;599.965;31.8091;2.09591;-1.29998;-0.00397491;
12452.9;0.0707107;-0.0707107;0;-38.637;28.2843;10.3528;-105863;77510;20446;-28.2743;16.9646;5.65487;1.07692;1.46154;0.615385;0.976462;-1.12854;0.333333;1264.52;599.518;31.5944;0.268789;-1.13227;-0.21463;
12483.9;0.0707107;-0.0707107;0;-38.637;28.2843;10.3528;-106174;77724;20491;-28.2743;19.792;2.82743;1.25641;1.25641;0.461538;0.991256;-1.10272;0.153846;1264.52;598.399;31.5268;1.75199;-1.07475;-0.0676022;
12515.7;0.0707107;-0.0707107;0;-38.637;28.2843;10.3528;-106484;77933;20536;-28.2743;19.792;2.82743;1.58974;1.20513;0.538462;1.22797;-1.1539;0.051282;1265.19;597.728;31.5256;0.405128;-1.69786;-0.00126266;
12547;0.0707107;-0.0707107;0;-38.637;28.2843;10.3528;-106630;78036;20558;-25.4469;19.792;2.82743;1.12821;1.41026;0.461538;0.917282;-1.16264;0.247863;1265.42;597.28;31.809;0.481608;-0.783308;0.283457;
12579;0.0707107;-0.0707107;0;-38.637;28.2843;10.3528;-106941;78255;20605;-28.2743;16.9646;2.82743;1.46154;1.35897;0.512821;1.13921;-1.22236;0.136752;1265.42;596.385;31.809;1.39734;-0.866692;0;
12611;0.0707107;-0.0707107;0;-38.637;28.2843;10.3528;-107240;78467;20650;-25.4469;19.792;5.65487;1.48718;1.28205;0.74359;1.28715;-1.10274;0.179487;1265.42;595.714;32.0913;1.04479;-0.655174;0.28228;
12641.9;0.0707107;-0.0707107;0;-38.637;28.2843;10.3528;-107525;78672;20685;-25.4469;16.9646;2.82743;1.82051;1.10256;0.769231;1.49428;-1.08549;0.017094;1265.87;594.595;31.809;1.31255;-1.78329;-0.28228;
12672;0.0707107;-0.0707107;0;-38.637;28.2843;10.3528;-107674;78780;20703;-25.4469;16.9646;2.82743;1.58974;1.4359;0.717949;1.33154;-1.24805;0.188034;1266.09;594.147;31.8766;0.480683;-0.783876;0.0676231;
12701.9;0.0707107;-0.0707107;0;-38.637;28.2843;10.3528;-107950;78991;20746;-22.6195;19.792;5.65487;1.79487;1.38462;0.512821;1.33154;-1.35046;0.0341881;1266.54;593.476;32.159;0.60553;-1.35361;0.282307;
12733.9;0.0707107;-0.0707107;0;-38.637;28.2843;10.3528;-108240;79201;20786;-25.4469;22.6195;2.82743;1.69231;1.25641;0.589744;1.31674;-1.20518;0.051282;1266.54;592.805;32.4413;1.04077;-0.661544;0.282303;
12764.9;0.0707107;-0.0707107;0;-38.637;28.2843;10.3528;-108392;79315;20810;-25.4469;19.792;5.65487;1.25641;1;0.564103;1.05044;-0.897538;0.102564;1266.54;592.805;32.4413;0;0;0;
12795;0.0707107;-0.0707107;0;-38.637;28.2843;10.3528;-108676;79529;20861;-28.2743;16.9646;5.65487;1.53846;1.17949;0.512821;1.18359;-1.12826;0.0512821;1267.21;592.134;31.874;0.394795;-1.7003;-0.567242;
12826;0.0707107;-0.0707107;0;-38.637;28.2843;10.3528;-108965;79757;20910;-25.4469;19.792;5.65487;1.66667;1.23077;0.615385;1.31674;-1.171;0.0598291;1267.43;591.463;32.22;0.823748;-1.00592;0.346016;
12858;0.0707107;-0.0707107;0;-38.637;28.2843;10.3528;-109100;79873;20932;-25.4469;19.792;5.65487;1.30769;0.923077;0.615385;1.10962;-0.846231;0.0769231;1267.88;590.12;31.5255;0.916038;-0.078793;-0.283552;
12888.9;0.0707107;-0.0707107;0;-38.637;28.2843;10.3528;-109398;80097;20982;-28.2743;19.792;5.65487;1.28205;0.846154;0.384615;0.961667;-0.863231;-0.017094;1268.1;589.225;31.8091;1.18028;-1.21666;0.283545;
12919;0.0707107;-0.0707107;0;-38.637;28.2843;10.3528;-109694;80332;21044;-25.4469;19.792;5.65487;1.71795;0.794872;0.307692;1.16879;-0.999795;-0.205128;1268.1;589.225;31.8091;0;0;0;
12948.9;0.0707107;-0.0707107;0;-38.637;28.2843;10.3528;-109839;80450;21075;-28.2743;22.6195;5.65487;1.12821;0.948718;0.25641;0.798923;-0.923103;0.025641;1268.78;588.33;31.5255;0.755628;-1.91286;-0.283539;
12979.4;0.0707107;-0.0707107;0;-38.637;28.2843;10.3528;-110140;80691;21146;-25.4469;22.6195;5.65487;1.07692;1.05128;0.25641;0.769333;-0.974436;0.0769231;1269.22;587.435;31.8767;0.961365;-1.56775;0.351173;
13011.6;0.0707107;-0.0707107;0;-38.637;28.2843;10.3528;-110445;80928;21206;-28.2743;22.6195;5.65487;1.53846;1.02564;0.487179;1.16879;-1.03418;-0.008547;1269.45;586.54;31.8091;1.18018;-1.2166;-0.067627;
13042.2;0.0707107;-0.0707107;0;-38.637;28.2843;10.3528;-110744;81161;21266;-25.4469;22.6195;5.65487;1.51282;0.871795;0.333333;1.06523;-0.974256;-0.102564;1269.67;585.869;32.1575;0.824965;-1.00483;0.348476;
13072.8;0.0707107;-0.0707107;0;-38.637;28.2843;10.3528;-110901;81275;21295;-28.2743;22.6195;5.65487;1.23077;1.20513;0.333333;0.902487;-1.10267;0.102564;1269.89;584.974;32.0913;1.17415;-1.22265;-0.0662155;
13103.6;0.0707107;-0.0707107;0;-38.637;28.2843;10.3528;-111206;81504;21363;-25.4469;16.9646;5.65487;1.48718;1.25641;0.25641;1.00605;-1.24787;0.008547;1270.56;584.079;32.1575;0.734602;-1.92089;0.0662155;
13134.1;0.0707107;-0.0707107;0;-38.637;28.2843;10.3528;-111513;81721;21421;-25.4469;16.9646;5.65487;1.51282;1.25641;0.487179;1.154;-1.17956;0.0769231;1270.56;583.184;32.1575;1.39204;-0.875176;0;
13164.1;0.0707107;-0.0707107;0;-38.637;28.2843;10.3528;-111670;81833;21449;-25.4469;16.9646;2.82743;1.25641;0.974359;0.410256;0.961667;-0.931667;0.0427351;1270.56;583.184;32.1575;0;0;0;
13195;0.0707107;-0.0707107;0;-38.637;28.2843;10.3528;-111977;82050;21510;-28.2743;19.792;5.65487;1.30769;0.974359;0.282051;0.917282;-0.991436;-0.017094;1270.79;582.736;32.4411;0.472817;-0.788763;0.283543;
13225;0.0707107;-0.0707107;0;-38.637;28.2843;10.3528;-112288;82273;21578;-28.2743;16.9646;5.65487;1.33333;1.30769;0.230769;0.902487;-1.23938;0.068376;1271.24;581.618;31.813;1.31224;-1.78326;-0.628044;
13255.9;0.0707107;-0.0707107;0;-38.637;28.2843;10.3528;-112441;82378;21613;-28.2743;19.792;5.65487;1.30769;0.974359;0.333333;0.946872;-0.974359;9.93411e-09;1271.46;580.275;31.5255;1.88721;-1.64049;-0.287521;
13286.9;0.0707107;-0.0707107;0;-38.637;28.2843;10.3528;-112752;82601;21673;-25.4469;19.792;5.65487;1.64103;0.923077;0.512821;1.24277;-0.991385;-0.0683761;1271.46;579.38;31.5255;1.40161;-0.859767;3.8147e-06;
13318.1;0.0707107;-0.0707107;0;-38.637;28.2843;10.3528;-113056;82827;21726;-25.4469;19.792;5.65487;1.33333;0.974359;0.384615;0.991256;-0.965821;0.008547;1271.46;578.485;31.5255;1.40152;-0.859709;-3.8147e-06;
13349.2;0.0707107;-0.0707107;0;-38.637;28.2843;10.3528;-113209;82935;21754;-31.1018;19.792;5.65487;1.61538;1.23077;0.384615;1.154;-1.23077;2.98023e-08;1271.68;578.038;31.5945;0.48442;-0.781691;0.0689545;
13380.1;0.0707107;-0.0707107;0;-38.637;28.2843;10.3528;-113509;83159;21813;-22.6195;19.792;5.65487;1.58974;1.05128;0.435897;1.16879;-1.08544;-0.034188;1272.58;577.143;31.8091;0.529209;-2.26635;0.214588;
13410.2;0.0707107;-0.0707107;0;-38.637;28.2843;10.3528;-113794;83380;21875;-22.6195;19.792;5.65487;1.76923;0.974359;0.25641;1.16879;-1.15367;-0.179487;1272.35;576.024;32.1576;1.95914;-0.745276;0.348503;
13441.2;0.0707107;-0.0707107;0;-38.637;28.2843;10.3528;-113936;83488;21902;-25.4469;16.9646;2.82743;1.71795;1.15385;0.435897;1.24277;-1.19654;-0.042735;1272.58;575.8;31.8091;0.132273;-0.566635;-0.348507;
13472.6;0.0707107;-0.0707107;0;-38.637;28.2843;10.3528;-114227;83719;21951;-25.4469;22.6195;5.65487;1.71795;1.10256;0.589744;1.33154;-1.1111;-0.00854699;1272.8;574.905;31.8767;1.17884;-1.21805;0.0676212;
13504.1;0.0707107;-0.0707107;0;-38.637;28.2843;10.3528;-114528;83953;22005;-25.4469;22.6195;5.65487;1.64103;1.07692;0.384615;1.16879;-1.13669;-0.059829;1273.25;574.01;31.5255;0.970956;-1.56183;-0.35117;
13535.9;0.0707107;-0.0707107;0;-38.637;28.2843;10.3528;-114818;84184;22061;-25.4469;22.6195;5.65487;1.20513;0.948718;0.384615;0.917282;-0.906026;0.0427351;1273.7;573.339;32.1576;0.605658;-1.35365;0.632044;
13568;0.0707107;-0.0707107;0;-38.637;28.2843;10.3528;-114978;84307;22090;-25.4469;22.6195;5.65487;1.46154;0.794872;0.333333;1.03564;-0.905872;-0.111111;1273.92;572.22;31.8091;1.52961;-1.43333;-0.348495;
13599.4;0.0707107;-0.0707107;0;-38.637;28.2843;10.3528;-115275;84540;22155;-25.4469;19.792;5.65487;1.61538;0.974359;0.461538;1.19838;-1.03413;-0.059829;1274.37;571.325;31.8091;0.963215;-1.56662;0;
13631.6;0.0707107;-0.0707107;0;-38.637;28.2843;10.3528;-115584;84769;22212;-28.2743;19.792;5.65487;1.20513;1.05128;0.358974;0.902487;-0.982974;0.0683761;1274.59;570.654;31.9404;0.828553;-1.00182;0.131336;
13662.6;0.0707107;-0.0707107;0;-38.637;28.2843;10.3528;-115895;85002;22279;-28.2743;22.6195;5.65487;1.02564;1.10256;0.282051;0.754539;-0.983026;0.119658;1275.04;569.311;31.2446;1.68141;-1.98344;-0.695759;
13693.8;0.0707107;-0.0707107;0;-38.637;28.2843;10.3528;-116045;85115;22313;-25.4469;22.6195;5.65487;1.20513;0.769231;0.282051;0.858103;-0.820462;-0.051282;1275.26;568.864;31.874;0.480838;-0.783663;0.629354;
13723.8;0.0707107;-0.0707107;0;-38.637;28.2843;10.3528;-116364;85351;22387;-28.2743;22.6195;5.65487;1.10256;0.923077;0.307692;0.813718;-0.880385;0.0427351;1275.26;568.864;31.874;0;0;0;
13755.1;0.0707107;-0.0707107;0;-38.637;28.2843;10.3528;-116687;85587;22448;-28.2743;19.792;5.65487;1.23077;0.871795;0.410256;0.946872;-0.854718;0.017094;1275.93;566.626;31.8064;1.09558;-2.1332;-0.00257874;
13784.9;0.0707107;-0.0707107;0;-38.637;28.2843;10.3528;-116839;85703;22476;-28.2743;22.6195;2.82743;1.02564;1;0.410256;0.828513;-0.871923;0.128205;1275.93;566.626;31.8064;0;0;0;
13814.9;0.0707107;-0.0707107;0;-38.637;28.2843;10.3528;-117152;85934;22534;-25.4469;22.6195;5.65487;1.12821;1.02564;0.461538;0.917282;-0.906103;0.119658;1276.16;566.179;31.874;0.48072;-0.783854;0.0675373;
13845;0.0707107;-0.0707107;0;-38.637;28.2843;10.3528;-117477;86173;22596;-31.1018;22.6195;5.65487;1.15385;0.948718;0.333333;0.858103;-0.906026;0.0427351;1276.38;565.508;32.22;0.823749;-1.00592;0.345995;
13877;0.0707107;-0.0707107;0;-38.637;28.2843;10.3528;-117636;86292;22628;-28.2743;22.6195;5.65487;0.820513;0.717949;0.384615;0.695359;-0.624026;0.0940171;1276.83;564.389;32.1575;1.30158;-1.79118;-0.0624428;
13909;0.0707107;-0.0707107;0;-38.637;28.2843;10.3528;-117968;86530;22684;-28.2743;19.792;5.65487;1.15385;0.923077;0.538462;0.976462;-0.820615;0.102564;1277.05;563.494;31.874;1.1789;-1.21799;-0.283512;
13941;0.0707107;-0.0707107;0;-38.637;28.2843;10.3528;-118288;86768;22734;-28.2743;19.792;5.65487;1.25641;1.10256;0.512821;1.02085;-0.983026;0.119658;1277.05;562.599;31.5269;1.40159;-0.859801;-0.347157;
13972.3;0.0707107;-0.0707107;0;-38.637;28.2843;10.3528;-118616;86998;22783;-28.2743;19.792;2.82743;1.02564;1.10256;0.435897;0.843308;-0.931795;0.17094;1277.72;561.48;31.5255;1.10603;-2.1278;-0.00135422;
14002.5;0.0707107;-0.0707107;0;-38.637;28.2843;10.3528;-118778;87117;22809;-25.4469;19.792;5.65487;1.48718;0.871795;0.487179;1.13921;-0.914487;-0.0427351;1278.17;561.256;31.2446;-0.0757549;-0.917388;-0.280966;
14033.5;0.0707107;-0.0707107;0;-38.637;28.2843;10.3528;-119084;87334;22865;-28.2743;19.792;5.65487;1.12821;0.974359;0.435897;0.902487;-0.880436;0.0940171;1277.95;560.137;31.5945;1.96647;-0.726045;0.34992;
14064.1;0.0707107;-0.0707107;0;-38.637;28.2843;10.3528;-119400;87549;22917;-25.4469;19.792;5.65487;1.10256;1;0.589744;0.976462;-0.837769;0.162393;1278.4;558.795;31.8091;1.66169;-1.99985;0.214584;
14096.2;0.0707107;-0.0707107;0;-38.637;28.2843;10.3528;-119551;87660;22942;-25.4469;16.9646;5.65487;1.28205;1.20513;0.564103;1.06523;-1.0429;0.162393;1278.62;558.124;31.5906;0.83475;-0.996806;-0.218502;
14125.9;0.0707107;-0.0707107;0;-38.637;28.2843;10.3528;-119864;87869;22997;-28.2743;19.792;5.65487;1.15385;1.07692;0.358974;0.872898;-0.983;0.0940171;1278.84;557.005;31.5957;1.53494;-1.42762;0.00515556;
14157.9;0.0707107;-0.0707107;0;-38.637;28.2843;10.3528;-120178;88085;23051;-25.4469;19.792;5.65487;1.25641;1.07692;0.410256;0.961667;-1.00008;0.0769231;1279.52;555.886;31.2446;1.11635;-2.1223;-0.351084;
14188.9;0.0707107;-0.0707107;0;-38.637;28.2843;10.3528;-120488;88307;23109;-28.2743;19.792;2.82743;1.35897;0.974359;0.410256;1.02085;-0.965821;0.00854702;1279.96;555.886;31.2445;-0.427207;-0.704167;-8.39233e-05;
14219.1;0.0707107;-0.0707107;0;-38.637;28.2843;10.3528;-120639;88414;23136;-31.1018;19.792;5.65487;1.10256;1.20513;0.615385;0.991256;-0.966051;0.239316;1279.96;555.886;31.2445;0;0;0;
14250.5;0.0707107;-0.0707107;0;-38.637;28.2843;10.3528;-120949;88636;23183;-31.1018;19.792;2.82743;1.33333;1.02564;0.487179;1.05044;-0.965872;0.0598291;1280.19;554.991;31.1743;1.19368;-1.20351;-0.0701942;
14282;0.0707107;-0.0707107;0;-38.637;28.2843;10.3528;-121266;88861;23235;-25.4469;19.792;5.65487;1.4359;0.897436;0.487179;1.10962;-0.914513;-0.017094;1280.63;553.872;31.5945;1.31922;-1.77836;0.420105;
14313.3;0.0707107;-0.0707107;0;-38.637;28.2843;10.3528;-121424;88973;23262;-31.1018;19.792;2.82743;1.10256;1.12821;0.358974;0.843308;-1.00013;0.128205;1280.63;552.978;31.5944;1.40048;-0.861394;-1.90735e-05;
14345.1;0.0707107;-0.0707107;0;-38.637;28.2843;10.3528;-121748;89209;23318;-25.4469;19.792;5.65487;1.25641;0.974359;0.384615;0.946872;-0.940205;0.034188;1281.08;551.635;30.8935;1.69363;-1.97315;-0.700905;
14377;0.0707107;-0.0707107;0;-38.637;28.2843;10.3528;-122067;89447;23379;-28.2743;19.792;5.65487;1.12821;1.07692;0.487179;0.932077;-0.931769;0.145299;1281.53;550.516;30.9623;1.33887;-1.76351;0.0688095;
14409;0.0707107;-0.0707107;0;-38.637;28.2843;10.3528;-122235;89568;23403;-28.2743;19.792;2.82743;1.35897;0.769231;0.538462;1.09482;-0.786308;-0.017094;1281.75;549.845;30.6101;0.851685;-0.982376;-0.352253;
14440.2;0.0707107;-0.0707107;0;-38.637;28.2843;10.3528;-122543;89799;23450;-28.2743;19.792;5.65487;1.20513;0.846154;0.512821;0.991256;-0.794923;0.0512821;1281.98;549.174;31.1744;0.841967;-0.990717;0.564346;
14472.2;0.0707107;-0.0707107;0;-38.637;28.2843;10.3528;-122868;90038;23505;-28.2743;22.6195;5.65487;0.948718;0.769231;0.333333;0.739744;-0.718;0.0512821;1282.65;548.726;31.2446;0.0620934;-1.48269;0.0701408;
14503.3;0.0707107;-0.0707107;0;-38.637;28.2843;10.3528;-123199;90283;23565;-31.1018;22.6195;5.65487;1.17949;0.692308;0.358974;0.887692;-0.735;-0.0427351;1282.42;547.608;31.5945;1.96628;-0.725927;0.349899;
14534.2;0.0707107;-0.0707107;0;-38.637;28.2843;10.3528;-123354;90405;23593;-28.2743;22.6195;5.65487;0.948718;0.846154;0.358974;0.754538;-0.760769;0.0854701;1282.42;546.265;30.8936;2.11651;-1.26638;-0.700905;
14566.2;0.0707107;-0.0707107;0;-38.637;28.2843;10.3528;-123672;90653;23650;-28.2743;19.792;2.82743;1.30769;0.871795;0.538462;1.06523;-0.837641;0.0341881;1283.09;545.146;31.2446;1.11635;-2.1223;0.35107;
14598.2;0.0707107;-0.0707107;0;-38.637;28.2843;10.3528;-123973;90897;23702;-25.4469;19.792;5.65487;1.61538;0.948718;0.487179;1.21318;-1.00849;-0.059829;1283.32;544.923;31.5945;0.134394;-0.566136;0.349834;
14628.2;0.0707107;-0.0707107;0;-38.637;28.2843;10.3528;-124265;91137;23761;-25.4469;19.792;5.65487;1.76923;0.897436;0.333333;1.21318;-1.07674;-0.179487;1283.32;544.028;31.5945;1.40058;-0.861454;0;
14658.3;0.0707107;-0.0707107;0;-38.637;28.2843;10.3528;-124421;91254;23789;-28.2743;22.6195;2.82743;1.33333;0.948718;0.307692;0.946872;-0.974333;-0.025641;1283.32;544.028;31.5945;0;0;0;
14689.3;0.0707107;-0.0707107;0;-38.637;28.2843;10.3528;-124717;91494;23848;-25.4469;19.792;2.82743;1.51282;0.923077;0.384615;1.09482;-0.991385;-0.0683761;1283.77;543.133;31.5945;0.969076;-1.563;7.62939e-06;
14719.2;0.0707107;-0.0707107;0;-38.637;28.2843;10.3528;-125016;91729;23904;-25.4469;22.6195;5.65487;1.71795;1.07692;0.435897;1.24277;-1.14523;-0.068376;1284.44;542.461;31.2445;0.413451;-1.69586;-0.349937;
14750.3;0.0707107;-0.0707107;0;-38.637;28.2843;10.3528;-125177;91852;23931;-28.2743;22.6195;5.65487;1.33333;0.769231;0.435897;1.02085;-0.811923;-0.0427351;1284.66;541.566;31.8767;1.17884;-1.21805;0.632141;
14782.2;0.0707107;-0.0707107;0;-38.637;28.2843;10.3528;-125476;92076;23990;-28.2743;19.792;5.65487;1.51282;0.897436;0.410256;1.10962;-0.965744;-0.0683761;1284.89;540.448;31.5256;1.53668;-1.42574;-0.351063;
14813.2;0.0707107;-0.0707107;0;-38.637;28.2843;10.3528;-125784;92307;24052;-25.4469;19.792;5.65487;1.5641;0.897436;0.307692;1.08003;-1.01697;-0.119658;1284.89;539.776;31.2446;1.05436;-0.639665;-0.280975;
14844.3;0.0707107;-0.0707107;0;-38.637;28.2843;10.3528;-125947;92428;24087;-28.2743;22.6195;5.65487;1.48718;1.02564;0.179487;0.961667;-1.11956;-0.0940171;1285.33;538.881;31.2445;0.978603;-1.55705;-0.000102997;
14876.2;0.0707107;-0.0707107;0;-38.637;28.2843;10.3528;-126258;92642;24151;-25.4469;19.792;5.65487;1.38462;1.17949;0.487179;1.08003;-1.08556;0.0940171;1285.33;537.986;31.2445;1.40581;-0.852884;0;
14907.3;0.0707107;-0.0707107;0;-38.637;28.2843;10.3528;-126572;92859;24208;-31.1018;16.9646;5.65487;1.17949;0.974359;0.384615;0.902487;-0.91459;0.059829;1285.11;537.091;31.8741;1.61381;-0.518564;0.629562;
14937.2;0.0707107;-0.0707107;0;-38.637;28.2843;10.3528;-126903;93082;24275;-28.2743;19.792;5.65487;0.974359;0.974359;0.282051;0.724949;-0.880436;0.0940171;1285.33;535.973;32.22;1.5191;-1.44414;0.345928;
14968.9;0.0707107;-0.0707107;0;-38.637;28.2843;10.3528;-127054;93192;24308;-28.2743;19.792;5.65487;1.23077;1.35897;0.179487;0.813718;-1.25651;0.102564;1285.78;535.078;31.3123;0.976763;-1.55821;-0.90778;
15000;0.0707107;-0.0707107;0;-38.637;28.2843;10.3528;-127373;93408;24379;-28.2743;19.792;5.65487;1.07692;1.28205;0.358974;0.828513;-1.09421;0.188034;1285.78;533.959;31.5906;1.7507;-1.07664;0.278313;
15032.1;0.0707107;-0.0707107;0;-38.637;28.2843;10.3528;-127693;93627;24440;-28.2743;19.792;5.65487;1.25641;1.05128;0.384615;0.946872;-0.991513;0.0598291;1285.78;533.288;31.3123;1.0536;-0.640908;-0.278309;
15062.6;0.0707107;-0.0707107;0;-38.637;28.2843;10.3528;-127846;93735;24470;-28.2743;19.792;5.65487;1.10256;1.10256;0.307692;0.813718;-1.0001;0.102564;1285.78;533.288;31.3123;0;0;0;
15094.4;0.0707107;-0.0707107;0;-38.637;28.2843;10.3528;-128171;93964;24534;-31.1018;16.9646;5.65487;1.05128;1.12821;0.307692;0.784128;-1.00013;0.128205;1286;532.393;31.5945;1.18494;-1.21203;0.282215;
15126.6;0.0707107;-0.0707107;0;-38.637;28.2843;10.3528;-128481;94188;24599;-28.2743;19.792;8.4823;1.30769;1.10256;0.384615;0.976462;-1.04279;0.0598291;1286.45;531.274;31.6594;1.31711;-1.7798;0.0649605;
15158.6;0.0707107;-0.0707107;0;-38.637;28.2843;10.3528;-128791;94425;24655;-25.4469;22.6195;5.65487;1.38462;1.02564;0.564103;1.12441;-0.957333;0.0683761;1286.68;530.379;31.5906;1.18479;-1.21234;-0.0688705;
15190.6;0.0707107;-0.0707107;0;-38.637;28.2843;10.3528;-128944;94547;24681;-28.2743;19.792;5.65487;1.4359;0.692308;0.564103;1.154;-0.752077;-0.0598291;1286.68;529.708;31.3123;1.0536;-0.640908;-0.278305;
15220.7;0.0707107;-0.0707107;0;-38.637;28.2843;10.3528;-129258;94786;24734;-25.4469;22.6195;5.65487;1.41026;0.820513;0.384615;1.03564;-0.888821;-0.0683761;1287.12;529.036;31.034;0.6322;-1.34132;-0.27824;
15250.7;0.0707107;-0.0707107;0;-38.637;28.2843;10.3528;-129566;95034;24792;-28.2743;25.4469;5.65487;1.35897;0.871795;0.358974;0.991256;-0.914487;-0.042735;1287.35;527.917;31.2433;1.54369;-1.41816;0.209332;
15280.6;0.0707107;-0.0707107;0;-38.637;28.2843;10.3528;-129721;95155;24825;-28.2743;19.792;5.65487;1.48718;0.871795;0.307692;1.03564;-0.974256;-0.102564;1287.79;527.022;31.5944;0.969077;-1.563;0.351086;
15312.6;0.0707107;-0.0707107;0;-38.637;28.2843;10.3528;-130022;95398;24885;-25.4469;22.6195;5.65487;1.53846;1;0.410256;1.12441;-1.04269;-0.0427351;1288.24;525.904;31.8741;1.31043;-1.78472;0.279636;
15343.7;0.0707107;-0.0707107;0;-38.637;28.2843;10.3528;-130324;95633;24939;-25.4469;19.792;5.65487;1.38462;1.05128;0.461538;1.06523;-1.00859;0.042735;1288.46;525.233;31.3123;0.839486;-0.992681;-0.561813;
15375.4;0.0707107;-0.0707107;0;-38.637;28.2843;10.3528;-130612;95861;24998;-25.4469;19.792;5.65487;1.28205;1;0.333333;0.932077;-0.982923;0.017094;1288.69;524.785;31.2419;0.489338;-0.778503;-0.0703773;
15405.6;0.0707107;-0.0707107;0;-38.637;28.2843;10.3528;-130766;95974;25026;-22.6195;22.6195;2.82743;1.71795;1.15385;0.333333;1.18359;-1.23069;-0.0769231;1288.91;523.443;32.22;1.86706;-1.66344;0.97813;
15435.6;0.0707107;-0.0707107;0;-38.637;28.2843;10.3528;-131064;96210;25088;-28.2743;19.792;8.4823;1.33333;1.12821;0.358974;0.976462;-1.07697;0.0512821;1289.36;522.995;31.5255;0.270055;-1.13189;-0.6945;
15467.6;0.0707107;-0.0707107;0;-38.637;28.2843;10.3528;-131364;96440;25153;-25.4469;19.792;5.65487;1.20513;1.05128;0.384615;0.917282;-0.974436;0.0769231;1289.58;522.324;31.874;0.829808;-1.00092;0.348507;
15497.6;0.0707107;-0.0707107;0;-38.637;28.2843;10.3528;-131523;96557;25179;-22.6195;19.792;2.82743;1.51282;0.871795;0.384615;1.09482;-0.957179;-0.0854701;1289.58;522.324;31.874;0;0;0;
15528.6;0.0707107;-0.0707107;0;-38.637;28.2843;10.3528;-131824;96776;25240;-25.4469;16.9646;5.65487;1.15385;0.923077;0.333333;0.858103;-0.888923;0.034188;1289.81;521.205;31.8767;1.52792;-1.43513;0.00266075;
15558.6;0.0707107;-0.0707107;0;-38.637;28.2843;10.3528;-132132;97002;25302;-28.2743;16.9646;5.65487;1.07692;0.948718;0.307692;0.798923;-0.888949;0.059829;1290.48;520.534;31.874;0.394891;-1.70035;-0.0026722;
15590.6;0.0707107;-0.0707107;0;-38.637;28.2843;10.3528;-132290;97115;25336;-25.4469;16.9646;5.65487;1.51282;1.20513;0.282051;1.03564;-1.21367;-0.008547;1290.48;519.639;31.874;1.39626;-0.868218;1.52588e-05;
15622.6;0.0707107;-0.0707107;0;-38.637;28.2843;10.3528;-132582;97325;25397;-25.4469;19.792;5.65487;1.23077;1.02564;0.435897;0.961667;-0.948795;0.0769231;1290.48;518.968;31.5945;1.05043;-0.64609;-0.279556;
15652.6;0.0707107;-0.0707107;0;-38.637;28.2843;10.3528;-132897;97544;25452;-28.2743;19.792;5.65487;1.10256;1;0.384615;0.858103;-0.906077;0.0940171;1290.48;518.073;31.5945;1.40058;-0.861454;3.8147e-06;
15682.6;0.0707107;-0.0707107;0;-38.637;28.2843;10.3528;-133225;97768;25518;-33.9292;19.792;5.65487;1.15385;0.948718;0.230769;0.798923;-0.940179;0.00854701;1290.48;517.177;31.5945;1.40058;-0.861454;1.52588e-05;
15714.6;0.0707107;-0.0707107;0;-38.637;28.2843;10.3528;-133380;97878;25552;-25.4469;19.792;5.65487;0.974359;1.17949;0.205128;0.680564;-1.04287;0.136752;1290.48;516.282;31.5945;1.40058;-0.861453;-1.90735e-05;
15744.4;0.0707107;-0.0707107;0;-38.637;28.2843;10.3528;-133706;98099;25623;-28.2743;19.792;5.65487;1.35897;1.12821;0.358974;0.991256;-1.08551;0.0427351;1290.7;515.387;32.22;1.17152;-1.22509;0.625565;
15774.6;0.0707107;-0.0707107;0;-38.637;28.2843;10.3528;-134025;98327;25678;-25.4469;22.6195;5.65487;1.33333;0.923077;0.538462;1.08003;-0.880385;0.042735;1290.93;514.045;31.5957;1.88489;-1.64288;-0.624321;
15804.6;0.0707107;-0.0707107;0;-38.637;28.2843;10.3528;-134181;98435;25701;-31.1018;16.9646;2.82743;1.25641;1.23077;0.512821;1.02085;-1.06854;0.162393;1291.15;513.15;31.5255;1.18628;-1.2108;-0.0701904;
15835.6;0.0707107;-0.0707107;0;-38.637;28.2843;10.3528;-134492;98660;25756;-25.4469;19.792;5.65487;1.41026;1.12821;0.435897;1.06523;-1.07697;0.0512821;1291.15;512.479;31.2446;1.05436;-0.639665;-0.28087;
15865.6;0.0707107;-0.0707107;0;-38.637;28.2843;10.3528;-134790;98883;25814;-25.4469;22.6195;5.65487;1.4359;1.15385;0.333333;1.02085;-1.13677;0.017094;1291.15;512.479;31.2446;0;0;0;
15895.6;0.0707107;-0.0707107;0;-38.637;28.2843;10.3528;-134951;98990;25843;-28.2743;16.9646;5.65487;1.41026;0.974359;0.384615;1.03564;-0.991436;-0.017094;1291.37;511.36;31.5957;1.53484;-1.42756;0.35107;
15927.7;0.0707107;-0.0707107;0;-38.637;28.2843;10.3528;-135255;99217;25899;-25.4469;19.792;2.82743;1.51282;1.20513;0.538462;1.18359;-1.12828;0.0769231;1292.27;510.689;31.874;0.177433;-2.05007;0.278271;
15957.7;0.0707107;-0.0707107;0;-38.637;28.2843;10.3528;-135545;99436;25947;-22.6195;16.9646;5.65487;1.4359;1.28205;0.487179;1.10962;-1.17105;0.111111;1292.27;509.346;31.8767;2.09447;-1.30251;0.00275993;
15989.3;0.0707107;-0.0707107;0;-38.637;28.2843;10.3528;-135702;99553;25974;-25.4469;16.9646;2.82743;1.53846;0.820513;0.358974;1.09482;-0.940051;-0.119658;1292.05;508.675;31.5255;1.26654;-0.293793;-0.351238;
16019.5;0.0707107;-0.0707107;0;-38.637;28.2843;10.3528;-135993;99782;26036;-22.6195;19.792;8.4823;1.61538;1;0.410256;1.16879;-1.06831;-0.0683761;1292.72;507.556;31.874;1.09302;-2.13446;0.34848;
16049.6;0.0707107;-0.0707107;0;-38.637;28.2843;10.3528;-136299;100006;26108;-25.4469;19.792;5.65487;1.33333;0.871795;0.153846;0.858103;-0.974256;-0.102564;1292.94;506.885;31.5255;0.835999;-0.995665;-0.348503;
16079.8;0.0707107;-0.0707107;0;-38.637;28.2843;10.3528;-136458;100123;26146;-25.4469;16.9646;5.65487;1.46154;1.12821;0.282051;1.00605;-1.14528;-0.017094;1293.16;506.214;31.874;0.829643;-1.00108;0.348488;
16110.8;0.0707107;-0.0707107;0;-38.637;28.2843;10.3528;-136754;100345;26213;-25.4469;19.792;5.65487;1.66667;1.12821;0.179487;1.06523;-1.24774;-0.119658;1293.39;505.095;32.2201;1.51941;-1.44407;0.346119;
16142.8;0.0707107;-0.0707107;0;-38.637;28.2843;10.3528;-137052;100574;26288;-25.4469;19.792;5.65487;1.51282;0.871795;0.153846;0.961667;-1.03403;-0.162393;1293.39;503.976;31.9404;1.74409;-1.08731;-0.279724;
16172.9;0.0707107;-0.0707107;0;-38.637;28.2843;10.3528;-137356;100794;26368;-28.2743;19.792;8.4823;1.20513;1.05128;0.25641;0.843308;-1.01713;0.034188;1293.61;503.753;32.5021;0.125288;-0.568383;0.561756;
16202.8;0.0707107;-0.0707107;0;-38.637;28.2843;10.3528;-137504;100902;26403;-28.2743;19.792;5.65487;1.5641;1.25641;0.282051;1.06523;-1.26495;-0.008547;1293.83;502.858;31.8766;1.17891;-1.21783;-0.625477;
16233.6;0.0707107;-0.0707107;0;-38.637;28.2843;10.3528;-137804;101122;26473;-28.2743;22.6195;2.82743;1.33333;1.30769;0.179487;0.872897;-1.25646;0.051282;1293.83;501.962;31.8767;1.39632;-0.868341;7.62939e-06;
16264.8;0.0707107;-0.0707107;0;-38.637;28.2843;10.3528;-138108;101345;26546;-28.2743;19.792;5.65487;1.20513;1.15385;0.153846;0.784128;-1.11969;0.034188;1293.83;501.962;31.8767;0;0;0;
16294.9;0.0707107;-0.0707107;0;-38.637;28.2843;10.3528;-138259;101451;26584;-28.2743;19.792;8.4823;1.5641;1.20513;0.179487;1.00605;-1.2649;-0.0598291;1294.06;501.291;31.8741;0.829688;-1.00112;-0.00253677;
16324.9;0.0707107;-0.0707107;0;-38.637;28.2843;10.3528;-138564;101674;26655;-25.4469;19.792;5.65487;1.23077;1.25641;0.333333;0.902487;-1.13687;0.119658;1294.06;500.396;31.8741;1.39631;-0.86825;-7.62939e-06;
16354.6;0.0707107;-0.0707107;0;-38.637;28.2843;10.3528;-138876;101904;26719;-28.2743;19.792;5.65487;1.07692;1.10256;0.307692;0.798923;-0.991564;0.111111;1294.28;499.278;32.22;1.51932;-1.44401;0.345921;
16386.8;0.0707107;-0.0707107;0;-38.637;28.2843;10.3528;-139026;102011;26751;-22.6195;16.9646;5.65487;1.4359;0.923077;0.307692;1.00605;-0.991385;-0.0683761;1294.28;498.383;32.22;1.39109;-0.876693;-1.52588e-05;
16417.8;0.0707107;-0.0707107;0;-38.637;28.2843;10.3528;-139345;102240;26819;-28.2743;19.792;5.65487;1.02564;0.974359;0.25641;0.739744;-0.906051;0.0683761;1294.51;497.264;31.8741;1.52794;-1.43503;-0.345913;
16449.8;0.0707107;-0.0707107;0;-38.637;28.2843;10.3528;-139645;102459;26891;-25.4469;16.9646;2.82743;1.12821;1.12821;0.333333;0.843308;-1.01721;0.111111;1294.51;496.816;31.874;0.698178;-0.434138;-8.7738e-05;
16481.9;0.0707107;-0.0707107;0;-38.637;28.2843;10.3528;-139799;102568;26921;-22.6195;19.792;2.82743;1.4359;1;0.25641;0.976462;-1.05977;-0.0598291;1294.95;496.369;31.874;0.26326;-1.13357;0;
16513.8;0.0707107;-0.0707107;0;-38.637;28.2843;10.3528;-140105;102791;26989;-25.4469;19.792;8.4823;1.12821;0.923077;0.307692;0.828513;-0.888923;0.034188;1295.4;495.25;32.5022;1.29083;-1.79901;0.628151;
16544.8;0.0707107;-0.0707107;0;-38.637;28.2843;10.3528;-140404;103012;27061;-28.2743;19.792;5.65487;1.20513;0.897436;0.179487;0.798923;-0.940128;-0.042735;1295.4;494.579;32.2162;1.04336;-0.65745;-0.285969;
16576.6;0.0707107;-0.0707107;0;-38.637;28.2843;10.3528;-140703;103232;27135;-25.4469;16.9646;5.65487;1.51282;0.974359;0.333333;1.06523;-1.04267;-0.0683761;1295.85;493.684;31.874;0.961438;-1.56771;-0.342182;
16606.8;0.0707107;-0.0707107;0;-38.637;28.2843;10.3528;-140845;103346;27166;-25.4469;19.792;5.65487;1.25641;1.33333;0.358974;0.932077;-1.18818;0.145299;1296.07;493.013;32.22;0.823654;-1.00586;0.346001;
16636.9;0.0707107;-0.0707107;0;-38.637;28.2843;10.3528;-141146;103554;27227;-28.2743;19.792;5.65487;1.17949;0.974359;0.307692;0.858103;-0.940205;0.034188;1296.52;491.894;32.1576;1.30163;-1.79121;-0.0624504;
16668.8;0.0707107;-0.0707107;0;-38.637;28.2843;10.3528;-141453;103769;27296;-28.2743;19.792;5.65487;1.41026;1.05128;0.282051;0.976462;-1.0769;-0.025641;1296.74;491.446;31.8741;0.480718;-0.783855;-0.283463;
16700.8;0.0707107;-0.0707107;0;-38.637;28.2843;10.3528;-141601;103877;27333;-28.2743;19.792;8.4823;1.07692;1.12821;0.25641;0.769333;-1.02574;0.102564;1296.74;491.446;31.8741;0;0;0;
16731.5;0.0707107;-0.0707107;0;-38.637;28.2843;10.3528;-141912;104097;27405;-28.2743;19.792;5.65487;1.25641;1.17949;0.179487;0.828513;-1.14533;0.0341881;1296.97;490.327;32.22;1.51929;-1.44426;0.345913;
16760.9;0.0707107;-0.0707107;0;-38.637;28.2843;10.3528;-142220;104318;27466;-25.4469;19.792;5.65487;1.4359;1.02564;0.384615;1.05044;-1.03418;-0.008547;1296.97;489.432;32.22;1.39104;-0.876664;1.52588e-05;
16790.7;0.0707107;-0.0707107;0;-38.637;28.2843;10.3528;-142375;104430;27501;-25.4469;16.9646;5.65487;1.23077;1.25641;0.25641;0.858103;-1.16249;0.0940171;1297.64;488.538;31.809;0.746177;-1.91633;-0.410997;
16821;0.0707107;-0.0707107;0;-38.637;28.2843;10.3528;-142683;104657;27570;-25.4469;16.9646;8.4823;1.30769;1.17949;0.282051;0.917282;-1.12826;0.0512821;1297.86;487.419;31.9404;1.52632;-1.43683;0.131327;
16853;0.0707107;-0.0707107;0;-38.637;28.2843;10.3528;-142981;104883;27639;-25.4469;19.792;5.65487;1.46154;1.10256;0.435897;1.09482;-1.07695;0.025641;1297.64;486.971;31.8741;0.915637;-0.0844236;-0.066288;
16882.7;0.0707107;-0.0707107;0;-38.637;28.2843;10.3528;-143135;104990;27667;-25.4469;19.792;5.65487;1.05128;0.923077;0.435897;0.858103;-0.820615;0.102564;1297.86;485.853;32.22;1.51925;-1.44423;0.345917;
16914.9;0.0707107;-0.0707107;0;-38.637;28.2843;10.3528;-143448;105222;27727;-31.1018;19.792;5.65487;1.4359;0.923077;0.358974;1.03564;-0.974308;-0.0512821;1298.09;484.957;31.5944;1.18483;-1.21223;-0.625549;
16945.8;0.0707107;-0.0707107;0;-38.637;28.2843;10.3528;-143750;105449;27787;-25.4469;19.792;5.65487;1.4359;0.846154;0.384615;1.05044;-0.914462;-0.0683761;1298.31;484.062;32.2199;1.17148;-1.22506;0.625469;
16976.4;0.0707107;-0.0707107;0;-38.637;28.2843;10.3528;-144065;105690;27854;-28.2743;19.792;5.65487;1.12821;1;0.358974;0.858103;-0.923154;0.0769231;1298.98;483.391;31.8767;0.394811;-1.70037;-0.343229;
17008.4;0.0707107;-0.0707107;0;-38.637;28.2843;10.3528;-144223;105808;27888;-28.2743;19.792;5.65487;1.33333;0.846154;0.358974;0.976462;-0.888846;-0.0427351;1298.53;482.496;31.8741;1.83127;-0.168847;-0.00260925;
17039.4;0.0707107;-0.0707107;0;-38.637;28.2843;10.3528;-144537;106051;27944;-25.4469;22.6195;5.65487;1.25641;0.820513;0.358974;0.932077;-0.846128;-0.025641;1299.43;481.378;31.5945;0.887624;-2.47985;-0.279604;
17071.1;0.0707107;-0.0707107;0;-38.637;28.2843;10.3528;-144853;106292;28008;-28.2743;25.4469;5.65487;1.10256;0.794872;0.358974;0.843308;-0.777795;0.017094;1299.43;481.378;31.5945;0;0;0;
17101;0.0707107;-0.0707107;0;-38.637;28.2843;10.3528;-145007;106409;28041;-25.4469;22.6195;5.65487;1.35897;1.15385;0.282051;0.946872;-1.12823;0.025641;1299.43;480.259;31.874;1.7454;-1.08532;0.27956;
17132.1;0.0707107;-0.0707107;0;-38.637;28.2843;10.3528;-145320;106651;28115;-28.2743;16.9646;5.65487;1.20513;1;0.307692;0.872897;-0.965846;0.034188;1299.65;479.811;31.5945;0.484538;-0.781499;-0.279568;
17163.3;0.0707107;-0.0707107;0;-38.637;28.2843;10.3528;-145638;106896;28177;-28.2743;19.792;5.65487;1.05128;0.948718;0.333333;0.798923;-0.871872;0.0769231;1299.88;478.916;31.8767;1.17884;-1.21805;0.28223;
17194.1;0.0707107;-0.0707107;0;-38.637;28.2843;10.3528;-145943;107144;28248;-28.2743;19.792;8.4823;1.30769;0.846154;0.230769;0.887692;-0.923;-0.0769231;1300.1;478.245;31.5255;0.835833;-0.995828;-0.351171;
17226.1;0.0707107;-0.0707107;0;-38.637;28.2843;10.3528;-146102;107260;28283;-28.2743;19.792;5.65487;1.12821;0.769231;0.25641;0.798923;-0.803385;-0.034188;1300.1;477.126;32.1576;1.73996;-1.09391;0.632055;
17258;0.0707107;-0.0707107;0;-38.637;28.2843;10.3528;-146412;107502;28365;-31.1018;19.792;8.4823;1.25641;0.74359;0.179487;0.828513;-0.85459;-0.111111;1300.32;476.008;32.5022;1.51216;-1.45173;0.344585;
17289;0.0707107;-0.0707107;0;-38.637;28.2843;10.3528;-146711;107731;28432;-25.4469;19.792;5.65487;1.35897;0.871795;0.307692;0.961667;-0.931564;-0.059829;1300.77;475.336;31.874;0.612349;-1.35064;-0.628141;
17321.1;0.0707107;-0.0707107;0;-38.637;28.2843;10.3528;-146865;107851;28470;-25.4469;22.6195;5.65487;1.10256;1.17949;0.153846;0.724949;-1.10264;0.0769231;1301.67;474.665;32.5022;0.154898;-2.05186;0.628164;
17351.1;0.0707107;-0.0707107;0;-38.637;28.2843;10.3528;-147161;108063;28544;-25.4469;19.792;8.4823;1.30769;1.07692;0.25641;0.902487;-1.06838;0.00854704;1301.67;473.77;32.8415;1.3815;-0.891732;0.339363;
17381;0.0707107;-0.0707107;0;-38.637;28.2843;10.3528;-147475;108279;28618;-31.1018;19.792;8.4823;1.35897;1.07692;0.25641;0.932077;-1.08546;-0.00854698;1301.89;473.322;32.2199;0.475978;-0.786742;-0.621616;
17413;0.0707107;-0.0707107;0;-38.637;28.2843;10.3528;-147784;108492;28679;-25.4469;16.9646;5.65487;1.4359;1;0.358974;1.03564;-1.02562;-0.025641;1302.11;472.204;31.874;1.52794;-1.43503;-0.345909;
17445.1;0.0707107;-0.0707107;0;-38.637;28.2843;10.3528;-147941;108600;28711;-28.2743;19.792;5.65487;1.33333;1.28205;0.282051;0.932077;-1.20521;0.0769231;1302.56;471.309;32.2212;0.95192;-1.57351;0.347225;
17476;0.0707107;-0.0707107;0;-38.637;28.2843;10.3528;-148263;108814;28777;-25.4469;19.792;8.4823;1.30769;1.17949;0.230769;0.887692;-1.14533;0.0341881;1302.34;470.638;32.22;1.26279;-0.309064;-0.00122833;
17508;0.0707107;-0.0707107;0;-38.637;28.2843;10.3528;-148582;109028;28844;-28.2743;19.792;5.65487;1;0.974359;0.358974;0.784128;-0.863359;0.111111;1302.79;469.743;32.2199;0.95191;-1.57345;-0.00012207;
17540;0.0707107;-0.0707107;0;-38.637;28.2843;10.3528;-148893;109241;28899;-28.2743;19.792;5.65487;0.974359;1.12821;0.589744;0.902487;-0.88059;0.247863;1302.79;468.4;31.5255;2.10242;-1.28965;-0.694378;
17571.8;0.0707107;-0.0707107;0;-38.637;28.2843;10.3528;-149057;109346;28920;-28.2743;16.9646;5.65487;1.20513;1.25641;0.615385;1.05044;-1.03441;0.222222;1303.23;467.281;31.9404;1.30841;-1.78626;0.414845;
17604;0.0707107;-0.0707107;0;-38.637;28.2843;10.3528;-149382;109561;28965;-25.4469;14.1372;5.65487;0.923077;1.07692;0.538462;0.843308;-0.846385;0.230769;1303.46;466.61;32.285;0.822608;-1.00685;0.344612;
17635.8;0.0707107;-0.0707107;0;-38.637;28.2843;10.3528;-149698;109776;29011;-28.2743;19.792;5.65487;1.38462;0.948718;0.564103;1.12441;-0.906026;0.042735;1303.9;465.491;31.662;1.31703;-1.77986;-0.622992;
17667.9;0.0707107;-0.0707107;0;-38.637;28.2843;10.3528;-150013;110000;29050;-25.4469;22.6195;2.82743;1.33333;1.02564;0.538462;1.08003;-0.948795;0.0769231;1303.9;464.82;31.2419;1.0545;-0.639422;-0.420099;
17698;0.0707107;-0.0707107;0;-38.637;28.2843;10.3528;-150169;110123;29071;-28.2743;22.6195;2.82743;1.23077;1.10256;0.615385;1.06523;-0.940333;0.162393;1304.57;463.701;31.2446;1.1164;-2.12233;0.00276184;
17728;0.0707107;-0.0707107;0;-38.637;28.2843;10.3528;-150487;110344;29111;-31.1018;22.6195;2.82743;1.25641;1.05128;0.74359;1.154;-0.871974;0.179487;1305.25;463.254;31.8739;0.0458037;-1.48329;0.629284;
17758;0.0707107;-0.0707107;0;-38.637;28.2843;10.3528;-150789;110573;29141;-22.6195;19.792;2.82743;1.5641;1.07692;0.871795;1.40551;-0.948846;0.128205;1305.25;463.254;31.8739;0;0;0;
17788.8;0.0707107;-0.0707107;0;-38.637;28.2843;10.3528;-150939;110682;29156;-25.4469;19.792;2.82743;1.41026;1.05128;0.897436;1.33154;-0.871974;0.179487;1305.25;461.688;31.5945;0.70024;-0.430697;-0.343365;
17820.2;0.0707107;-0.0707107;0;-38.637;28.2843;10.3528;-151251;110915;29187;-28.2743;19.792;2.82743;1.4359;1.10256;0.74359;1.25756;-0.965949;0.136752;1305.25;461.688;31.5945;0;0;0;
17852.3;0.0707107;-0.0707107;0;-38.637;28.2843;10.3528;-151562;111155;29232;-25.4469;19.792;2.82743;1.23077;1.10256;0.512821;1.00605;-0.974487;0.128205;1305.69;460.792;31.5945;0.969076;-1.563;7.62939e-06;
17881.8;0.0707107;-0.0707107;0;-38.637;28.2843;10.3528;-151715;111269;29253;-25.4469;22.6195;2.82743;1.4359;0.820513;0.564103;1.154;-0.83759;-0.017094;1305.92;459.898;32.22;1.17143;-1.22503;0.625546;
17912;0.0707107;-0.0707107;0;-38.637;28.2843;10.3528;-152024;111508;29300;-22.6195;22.6195;5.65487;1.35897;0.769231;0.435897;1.03564;-0.820462;-0.051282;1306.36;459.003;31.3122;0.976763;-1.55821;-0.907778;
17944;0.0707107;-0.0707107;0;-38.637;28.2843;10.3528;-152335;111749;29354;-25.4469;19.792;2.82743;1.23077;0.846154;0.538462;1.02085;-0.794923;0.051282;1306.81;457.884;31.9404;1.30841;-1.78626;0.628145;
17974.5;0.0707107;-0.0707107;0;-38.637;28.2843;10.3528;-152487;111868;29376;-28.2743;19.792;2.82743;1.46154;1;0.564103;1.16879;-0.965846;0.0341881;1306.81;457.212;32.22;1.04332;-0.65752;0.27964;
