Time;Set robot speed along X axis;Set robot speed along Y axis;Set rotational robot velocity;1st motor set speed;2st motor set speed;3st motor set speed;1st motor position;2nd motor position;3rd motor position;1st motor velocity;2nd motor velocity;3rd motor velocity;1st motor current;2nd motor current;3rd motor current;X axis current;Y axis curent;Rotational current;X axis global position;Y axis global position;Angle;Delta X axis local position;Delta Y axis local position;Delta angle;
ms;m/s;m/s;rad/s;rad/s;rad/s;rad/s;ticks;ticks;ticks;rad/s;rad/s;rad/s;A;A;A;A;A;A;pix;pix;deg;mm;mm;deg;
t;xsetspeed;ysetspeed;setvel;m1setvel;m2setvel;m3setvel;m1pos;m2pos;m3pos;m1vel;m2vel;m3vel;m1cur;m2cur;m3cur;xcur;ycur;rotcur;xpos;ypos;ang;dx;dy;dang;
0.0001;0.00871557;-0.0996195;0;-22.9431;39.8478;-16.9047;0;0;0;0;0;0;0;0;0;0;0;0;908.761;775.833;81.9844;-0.0573214;0.407058;-0.233665;
29.7204;0.00871557;-0.0996195;0;-22.9431;39.8478;-16.9047;1;0;0;0;0;0;0.025641;0.025641;0.025641;0;0;0;908.761;775.609;82.218;0.0556609;-0.407289;0.233665;
60.6895;0.00871557;-0.0996195;0;-22.9431;39.8478;-16.9047;1;0;0;0;0;0;0.025641;0.025641;0.025641;0;0;0;908.761;775.609;82.218;-0;0;0;
92.9327;0.00871557;-0.0996195;0;-22.9431;39.8478;-16.9047;1;0;0;0;0;0;0.025641;0.025641;0.025641;0;0;0;908.537;775.833;81.8191;0.349126;0.465492;-0.398926;
123.715;0.00871557;-0.0996195;0;-22.9431;39.8478;-16.9047;-171;325;-112;-19.792;33.9292;-11.3097;0.666667;1.51282;0.538462;0.0739743;-1.41036;0.102564;908.761;775.609;82.218;-0.352359;-0.463049;0.398926;
154.687;0.00871557;-0.0996195;0;-22.9431;39.8478;-16.9047;-384;690;-240;-16.9646;36.7566;-11.3097;0.435897;0.641026;0.384615;0.0295897;-0.700795;-0.0598291;908.761;774.49;81.9845;0.286603;-2.03529;-0.233551;
185.835;0.00871557;-0.0996195;0;-22.9431;39.8478;-16.9047;-601;1093;-381;-19.792;36.7566;-11.3097;0.358974;0.666667;0.230769;0.0739744;-0.641051;0.025641;908.537;773.147;81.8191;0.758593;-2.38275;-0.165375;
215.718;0.00871557;-0.0996195;0;-22.9431;39.8478;-16.9047;-710;1291;-458;-19.792;36.7566;-14.1372;0.384615;0.538462;0.205128;0.103564;-0.555538;-0.017094;908.985;771.805;82.2136;-0.481893;-2.55518;0.394524;
247.638;0.00871557;-0.0996195;0;-22.9431;39.8478;-16.9047;-926;1699;-601;-19.792;36.7566;-11.3097;0.615385;0.384615;0.230769;0.221923;-0.538308;-0.153846;908.985;770.462;81.819;0.350977;-2.44135;-0.394646;
278.68;0.00871557;-0.0996195;0;-22.9431;39.8478;-16.9047;-1140;2110;-748;-19.792;33.9292;-11.3097;0.487179;0.615385;0.0769231;0.236718;-0.598308;0.017094;908.985;769.12;82.2136;0.334139;-2.44359;0.39463;
310.79;0.00871557;-0.0996195;0;-22.9431;39.8478;-16.9047;-1248;2308;-822;-19.792;39.5841;-11.3097;0.615385;0.615385;0.153846;0.266308;-0.666615;-0.0512821;909.209;768.225;82.8526;-0.204024;-1.68276;0.638939;
342.004;0.00871557;-0.0996195;0;-22.9431;39.8478;-16.9047;-1576;2925;-1054;-19.792;36.7566;-14.1372;0.487179;0.512821;0.128205;0.207128;-0.546974;-0.034188;909.432;766.659;82.3947;-0.0273693;-2.9066;-0.457893;
373.908;0.00871557;-0.0996195;0;-22.9431;39.8478;-16.9047;-1693;3139;-1120;-22.6195;33.9292;-11.3097;0.487179;0.564103;0.128205;0.207128;-0.581179;-0.017094;909.656;765.54;81.9845;-0.121202;-2.0926;-0.410179;
403.917;0.00871557;-0.0996195;0;-22.9431;39.8478;-16.9047;-1908;3558;-1270;-19.792;36.7566;-14.1372;0.358974;0.564103;0.128205;0.133154;-0.538487;0.025641;909.656;765.54;81.9845;0;0;0;
434.939;0.00871557;-0.0996195;0;-22.9431;39.8478;-16.9047;-2025;3758;-1341;-16.9646;33.9292;-11.3097;0.410256;0.410256;0.230769;0.103564;-0.487103;-0.0769231;909.656;763.974;82.6218;0.369526;-2.8537;0.637299;
466.92;0.00871557;-0.0996195;0;-22.9431;39.8478;-16.9047;-2256;4176;-1487;-19.792;36.7566;-14.1372;0.384615;0.461538;0.205128;0.103564;-0.504231;-0.042735;909.656;762.855;82.8526;0.255722;-2.03929;0.230759;
498.884;0.00871557;-0.0996195;0;-22.9431;39.8478;-16.9047;-2482;4577;-1629;-19.792;33.9292;-14.1372;0.282051;0.538462;0.25641;0.0147949;-0.538462;0;909.432;761.289;83.2529;0.74703;-2.80921;0.400391;
530.922;0.00871557;-0.0996195;0;-22.9431;39.8478;-16.9047;-2596;4788;-1698;-19.792;36.7566;-11.3097;0.282051;0.666667;0.205128;0.0443846;-0.606897;0.0598291;909.432;759.946;82.3947;0.32643;-2.44475;-0.858261;
560.97;0.00871557;-0.0996195;0;-22.9431;39.8478;-16.9047;-2820;5195;-1845;-19.792;33.9292;-11.3097;0.307692;0.487179;0.230769;0.0443846;-0.504256;-0.017094;909.432;758.827;83.0244;0.249618;-2.04016;0.629715;
592.968;0.00871557;-0.0996195;0;-22.9431;39.8478;-16.9047;-3053;5588;-1988;-19.792;31.1018;-14.1372;0.410256;0.692308;0.102564;0.177538;-0.632538;0.0598291;909.209;757.485;82.8526;0.715481;-2.39593;-0.171829;
625.142;0.00871557;-0.0996195;0;-22.9431;39.8478;-16.9047;-3283;5996;-2130;-16.9646;33.9292;-11.3097;0.384615;0.461538;0.25641;0.0739744;-0.521308;-0.0598291;909.656;756.142;82.8524;-0.510334;-2.54976;-0.000183105;
656.993;0.00871557;-0.0996195;0;-22.9431;39.8478;-16.9047;-3394;6198;-2204;-19.792;36.7566;-14.1372;0.205128;0.333333;0.0769231;0.0739744;-0.316256;0.017094;909.432;754.8;82.6282;0.724857;-2.39311;-0.224167;
688.223;0.00871557;-0.0996195;0;-22.9431;39.8478;-16.9047;-3622;6617;-2352;-22.6195;31.1018;-11.3097;0.282051;0.564103;0.205128;0.0443846;-0.538487;0.025641;909.432;753.458;83.0244;0.299528;-2.44808;0.396187;
719.131;0.00871557;-0.0996195;0;-22.9431;39.8478;-16.9047;-3846;7031;-2500;-16.9646;36.7566;-11.3097;0.435897;0.615385;0.102564;0.192333;-0.589769;0.025641;909.209;752.115;82.8526;0.715495;-2.39604;-0.171837;
749.027;0.00871557;-0.0996195;0;-22.9431;39.8478;-16.9047;-4057;7442;-2636;-16.9646;36.7566;-11.3097;0.435897;0.487179;0.282051;0.0887692;-0.564026;-0.0769231;909.209;752.115;82.8526;0;0;0;
779.892;0.00871557;-0.0996195;0;-22.9431;39.8478;-16.9047;-4173;7639;-2704;-22.6195;36.7566;-11.3097;0.487179;0.717949;0.282051;0.118359;-0.735026;-0.017094;909.656;750.325;82.8525;-0.408061;-3.36541;-2.28882e-05;
811.89;0.00871557;-0.0996195;0;-22.9431;39.8478;-16.9047;-4394;8050;-2842;-19.792;39.5841;-11.3097;0.435897;0.564103;0.410256;0.0147949;-0.658026;-0.0940171;909.432;748.087;83.0244;0.299541;-2.44819;0.396187;
843.911;0.00871557;-0.0996195;0;-22.9431;39.8478;-16.9047;-4604;8445;-2982;-19.792;36.7566;-11.3097;0.538462;0.358974;0.25641;0.162744;-0.504128;-0.145299;909.656;746.745;82.8526;-0.101743;-2.49841;-0.171852;
875.91;0.00871557;-0.0996195;0;-22.9431;39.8478;-16.9047;-4723;8653;-3050;-22.6195;31.1018;-11.3097;0.358974;0.589744;0.307692;0.0295897;-0.615359;-0.025641;909.88;745.626;83.2531;-0.167487;-2.08952;0.40052;
907.896;0.00871557;-0.0996195;0;-22.9431;39.8478;-16.9047;-4937;9062;-3184;-19.792;33.9292;-14.1372;0.512821;0.641026;0.282051;0.133154;-0.692256;-0.0512821;909.656;744.06;83.2551;0.746909;-2.80913;0.00205231;
939.97;0.00871557;-0.0996195;0;-22.9431;39.8478;-16.9047;-5153;9454;-3323;-19.792;36.7566;-14.1372;0.435897;0.435897;0.282051;0.0887692;-0.529821;-0.0940171;910.328;743.165;83.0243;-1.02659;-1.78217;-0.230858;
971.994;0.00871557;-0.0996195;0;-22.9431;39.8478;-16.9047;-5374;9860;-3459;-19.792;36.7566;-14.1372;0.307692;0.666667;0.307692;0;-0.64959;0.017094;910.328;743.165;83.0243;0;0;0;
1004.29;0.00871557;-0.0996195;0;-22.9431;39.8478;-16.9047;-5485;10057;-3522;-19.792;33.9292;-11.3097;0.487179;0.564103;0.384615;0.0591795;-0.666564;-0.102564;910.104;741.599;82.6218;0.777914;-2.8007;-0.402458;
1035.94;0.00871557;-0.0996195;0;-22.9431;39.8478;-16.9047;-5708;10457;-3646;-19.792;36.7566;-11.3097;0.538462;0.589744;0.461538;0.0443846;-0.726359;-0.136752;909.88;739.361;83.2531;1.05939;-1.94438;0.228806;
1067.89;0.00871557;-0.0996195;0;-22.9431;39.8478;-16.9047;-5925;10858;-3786;-19.792;36.7566;-14.1372;0.410256;0.666667;0.358974;0.0295897;-0.700821;-0.034188;910.104;737.795;82.8525;-0.0505815;-2.9064;-0.400536;
1098.97;0.00871557;-0.0996195;0;-22.9431;39.8478;-16.9047;-6137;11266;-3918;-19.792;33.9292;-11.3097;0.461538;0.512821;0.307692;0.0887692;-0.598205;-0.0854701;910.328;736.676;83.2529;-0.167482;-2.08952;0.400398;
1130.93;0.00871557;-0.0996195;0;-22.9431;39.8478;-16.9047;-6252;11464;-3986;-19.792;36.7566;-11.3097;0.666667;0.641026;0.25641;0.236718;-0.734949;-0.0940171;910.328;736.676;83.2529;0;0;0;
1162.49;0.00871557;-0.0996195;0;-22.9431;39.8478;-16.9047;-6472;11870;-4122;-19.792;36.7566;-11.3097;0.487179;0.74359;0.282051;0.118359;-0.752128;-0.00854701;910.328;735.334;83.2529;0.289761;-2.44925;-7.62939e-06;
1193.92;0.00871557;-0.0996195;0;-22.9431;39.8478;-16.9047;-6678;12265;-4272;-19.792;39.5841;-11.3097;0.487179;0.615385;0.0769231;0.236718;-0.598308;0.017094;910.328;733.991;83.253;0.289773;-2.44937;2.28882e-05;
1226.06;0.00871557;-0.0996195;0;-22.9431;39.8478;-16.9047;-6896;12677;-4409;-19.792;36.7566;-14.1372;0.410256;0.461538;0.205128;0.118359;-0.512769;-0.0512821;910.551;732.872;83.6626;-0.182429;-2.08816;0.40963;
1257.91;0.00871557;-0.0996195;0;-22.9431;39.8478;-16.9047;-7003;12888;-4486;-16.9646;36.7566;-11.3097;0.641026;0.512821;0.179487;0.266308;-0.615282;-0.102564;910.551;731.083;83.6626;0.362993;-3.26839;1.52588e-05;
1287.91;0.00871557;-0.0996195;0;-22.9431;39.8478;-16.9047;-7222;13291;-4626;-19.792;36.7566;-11.3097;0.487179;0.410256;0.153846;0.192333;-0.487103;-0.0769231;910.551;730.188;83.6626;0.181503;-1.63425;-1.52588e-05;
1317.91;0.00871557;-0.0996195;0;-22.9431;39.8478;-16.9047;-7222;13291;-4626;-19.792;36.7566;-11.3097;0.487179;0.410256;0.153846;0.192333;-0.487103;-0.0769231;910.999;728.398;83.6626;-0.455488;-3.35929;3.05176e-05;
1349.89;0.00871557;-0.0996195;0;-22.9431;39.8478;-16.9047;-7664;14107;-4916;-19.792;36.7566;-14.1372;0.333333;0.717949;0.205128;0.0739744;-0.658179;0.0598291;911.222;727.726;83.2529;-0.264073;-1.27306;-0.409676;
1381.91;0.00871557;-0.0996195;0;-22.9431;39.8478;-16.9047;-7771;14309;-4990;-16.9646;33.9292;-14.1372;0.538462;0.410256;0.128205;0.236718;-0.495641;-0.0854701;910.999;725.713;83.6626;0.817664;-3.63149;0.409676;
1412.9;0.00871557;-0.0996195;0;-22.9431;39.8478;-16.9047;-8001;14722;-5127;-16.9646;36.7566;-11.3097;0.512821;0.461538;0.282051;0.133154;-0.572538;-0.111111;910.551;724.818;83.6626;0.999983;-1.54335;-3.05176e-05;
1442.98;0.00871557;-0.0996195;0;-22.9431;39.8478;-16.9047;-8217;15130;-5278;-19.792;33.9292;-11.3097;0.487179;0.589744;0.179487;0.177538;-0.615359;-0.025641;910.775;723.027;83.8848;-0.0591419;-3.31375;0.222214;
1473.92;0.00871557;-0.0996195;0;-22.9431;39.8478;-16.9047;-8328;15325;-5345;-19.792;33.9292;-11.3097;0.384615;0.641026;0.358974;0.0147949;-0.67518;-0.034188;910.775;722.133;83.8848;0.175152;-1.63483;0;
1503.92;0.00871557;-0.0996195;0;-22.9431;39.8478;-16.9047;-8549;15733;-5491;-16.9646;33.9292;-14.1372;0.538462;0.538462;0.25641;0.162744;-0.623846;-0.0854701;910.775;720.342;83.8848;0.350327;-3.26988;0;
1534.95;0.00871557;-0.0996195;0;-22.9431;39.8478;-16.9047;-8768;16135;-5633;-16.9646;36.7566;-11.3097;0.615385;0.384615;0.230769;0.221923;-0.538308;-0.153846;910.775;720.342;83.8848;0;0;0;
1564.9;0.00871557;-0.0996195;0;-22.9431;39.8478;-16.9047;-8881;16347;-5705;-19.792;36.7566;-14.1372;0.461538;0.538462;0.179487;0.162744;-0.572615;-0.034188;910.775;719.224;84.0643;0.212541;-2.04424;0.179459;
1595.91;0.00871557;-0.0996195;0;-22.9431;39.8478;-16.9047;-9092;16750;-5855;-19.792;39.5841;-14.1372;0.435897;0.333333;0.205128;0.133154;-0.435795;-0.102564;910.551;717.658;83.6626;0.726914;-2.81437;-0.401672;
1628.84;0.00871557;-0.0996195;0;-22.9431;39.8478;-16.9047;-9310;17170;-6003;-19.792;33.9292;-14.1372;0.461538;0.282051;0.153846;0.177538;-0.393051;-0.111111;910.551;716.315;84.51;0.235969;-2.45513;0.847443;
1659.53;0.00871557;-0.0996195;0;-22.9431;39.8478;-16.9047;-9310;17170;-6003;-19.792;33.9292;-14.1372;0.461538;0.282051;0.153846;0.177538;-0.393051;-0.111111;910.551;714.972;83.6626;0.272255;-2.45137;-0.847443;
1689.91;0.00871557;-0.0996195;0;-22.9431;39.8478;-16.9047;-9629;17791;-6219;-16.9646;36.7566;-11.3097;0.461538;0.410256;0.128205;0.192333;-0.470026;-0.0598291;910.551;713.854;84.2865;0.204608;-2.04505;0.623962;
1720.89;0.00871557;-0.0996195;0;-22.9431;39.8478;-16.9047;-9845;18209;-6364;-19.792;33.9292;-11.3097;0.512821;0.358974;0.230769;0.162744;-0.487051;-0.128205;910.775;712.511;83.6591;-0.136889;-2.49684;-0.627457;
1752.89;0.00871557;-0.0996195;0;-22.9431;39.8478;-16.9047;-10068;18625;-6507;-22.6195;36.7566;-14.1372;0.410256;0.512821;0.307692;0.0591795;-0.581128;-0.0683761;910.551;711.169;84.2865;0.655298;-2.41308;0.627457;
1782.89;0.00871557;-0.0996195;0;-22.9431;39.8478;-16.9047;-10175;18822;-6571;-19.792;31.1018;-11.3097;0.487179;0.692308;0.461538;0.0147949;-0.777692;-0.0854701;910.775;709.826;84.1105;-0.156554;-2.49568;-0.176094;
1812.93;0.00871557;-0.0996195;0;-22.9431;39.8478;-16.9047;-10397;19224;-6694;-16.9646;33.9292;-11.3097;0.410256;0.769231;0.461538;-0.0295898;-0.803385;-0.034188;910.328;708.26;84.6952;1.08613;-2.78894;0.584717;
1842.89;0.00871557;-0.0996195;0;-22.9431;39.8478;-16.9047;-10628;19623;-6826;-22.6195;33.9292;-8.4823;0.307692;0.641026;0.358974;-0.0295897;-0.649564;-0.00854701;910.328;707.365;84.6952;0.152023;-1.63725;0;
1873.88;0.00871557;-0.0996195;0;-22.9431;39.8478;-16.9047;-10743;19822;-6887;-22.6195;33.9292;-11.3097;0.384615;0.641026;0.333333;0.0295897;-0.666641;-0.025641;910.328;705.575;84.6952;0.304035;-3.2744;0;
1903.92;0.00871557;-0.0996195;0;-22.9431;39.8478;-16.9047;-10975;20227;-7023;-22.6195;33.9292;-11.3097;0.307692;0.717949;0.384615;-0.0443846;-0.70941;0.00854701;910.104;704.68;84.4752;0.568207;-1.59701;-0.219971;
1936.03;0.00871557;-0.0996195;0;-22.9431;39.8478;-16.9047;-11197;20629;-7149;-19.792;33.9292;-11.3097;0.333333;0.512821;0.358974;-0.0147949;-0.57259;-0.0598291;910.104;704.68;84.4752;0;0;0;
1968;0.00871557;-0.0996195;0;-22.9431;39.8478;-16.9047;-11313;20823;-7218;-16.9646;33.9292;-14.1372;0.358974;0.692308;0.307692;0.0295897;-0.683769;0.00854701;910.328;703.338;84.6951;-0.18202;-2.49385;0.219872;
1998.96;0.00871557;-0.0996195;0;-22.9431;39.8478;-16.9047;-11543;21226;-7358;-19.792;36.7566;-11.3097;0.512821;0.666667;0.282051;0.133154;-0.709359;-0.0427351;909.88;701.995;84.2906;1.06491;-2.37227;-0.404518;
2029.01;0.00871557;-0.0996195;0;-22.9431;39.8478;-16.9047;-11761;21618;-7496;-16.9646;36.7566;-11.3097;0.435897;0.461538;0.230769;0.118359;-0.529846;-0.0683761;909.88;700.429;84.1104;0.295267;-2.86233;-0.180122;
2060.03;0.00871557;-0.0996195;0;-22.9431;39.8478;-16.9047;-11987;22025;-7631;-19.792;33.9292;-11.3097;0.589744;0.666667;0.230769;0.207128;-0.717897;-0.0512821;910.104;699.31;84.51;-0.213293;-2.08523;0.399597;
2091.95;0.00871557;-0.0996195;0;-22.9431;39.8478;-16.9047;-12090;22236;-7705;-16.9646;36.7566;-14.1372;0.435897;0.512821;0.179487;0.147949;-0.546974;-0.034188;909.88;698.415;84.7295;0.561113;-1.59952;0.219482;
2123.98;0.00871557;-0.0996195;0;-22.9431;39.8478;-16.9047;-12316;22636;-7845;-19.792;36.7566;-8.4823;0.384615;0.358974;0.25641;0.0739744;-0.452897;-0.0940171;910.328;696.849;84.9185;-0.565518;-2.93916;0.188995;
2155.97;0.00871557;-0.0996195;0;-22.9431;39.8478;-16.9047;-12538;23053;-7993;-16.9646;36.7566;-14.1372;0.615385;0.564103;0.102564;0.295897;-0.615333;-0.051282;910.104;695.506;85.098;0.621058;-2.42212;0.179512;
2187.15;0.00871557;-0.0996195;0;-22.9431;39.8478;-16.9047;-12764;23465;-8145;-16.9646;36.7566;-14.1372;0.512821;0.74359;0.0512821;0.266308;-0.683821;0.0598291;910.328;694.164;84.9185;-0.191744;-2.49312;-0.179512;
2218.96;0.00871557;-0.0996195;0;-22.9431;39.8478;-16.9047;-12869;23668;-8223;-16.9646;36.7566;-14.1372;0.25641;0.410256;0.025641;0.133154;-0.367564;0.042735;910.104;692.597;85.3191;0.645262;-2.83432;0.400604;
2251.1;0.00871557;-0.0996195;0;-22.9431;39.8478;-16.9047;-13094;24078;-8374;-19.792;36.7566;-11.3097;0.384615;0.641026;0.102564;0.162744;-0.589795;0.0512821;910.551;691.255;84.9152;-0.601792;-2.52963;-0.403915;
2281.93;0.00871557;-0.0996195;0;-22.9431;39.8478;-16.9047;-13313;24493;-8524;-19.792;36.7566;-14.1372;0.384615;0.410256;0.153846;0.133154;-0.452949;-0.042735;910.551;689.912;85.3191;0.201278;-2.45822;0.4039;
2312.96;0.00871557;-0.0996195;0;-22.9431;39.8478;-16.9047;-13542;24887;-8664;-19.792;36.7566;-11.3097;0.410256;0.487179;0.0512821;0.207128;-0.478641;0.00854701;910.328;688.346;84.4717;0.687097;-2.82435;-0.847359;
2344.98;0.00871557;-0.0996195;0;-22.9431;39.8478;-16.9047;-13658;25097;-8742;-19.792;36.7566;-11.3097;0.307692;0.512821;0.102564;0.118359;-0.478667;0.034188;910.551;687.004;85.1357;-0.201185;-2.49248;0.663979;
2377;0.00871557;-0.0996195;0;-22.9431;39.8478;-16.9047;-13874;25488;-8885;-16.9646;33.9292;-14.1372;0.358974;0.666667;0.205128;0.0887692;-0.632513;0.034188;910.328;685.885;84.6952;0.600067;-2.00838;-0.440544;
2409.01;0.00871557;-0.0996195;0;-22.9431;39.8478;-16.9047;-14100;25895;-9033;-16.9646;33.9292;-11.3097;0.358974;0.512821;0.0512821;0.177538;-0.478667;0.034188;910.328;684.542;85.5363;0.191957;-2.45897;0.841148;
2440.99;0.00871557;-0.0996195;0;-22.9431;39.8478;-16.9047;-14210;26103;-9106;-19.792;36.7566;-11.3097;0.307692;0.589744;0.179487;0.0739744;-0.55559;0.034188;910.328;682.976;84.9185;0.254859;-2.8661;-0.617798;
2472.95;0.00871557;-0.0996195;0;-22.9431;39.8478;-16.9047;-14210;26103;-9106;-19.792;36.7566;-11.3097;0.307692;0.589744;0.179487;0.0739744;-0.55559;0.034188;910.328;681.634;84.9185;0.218459;-2.45675;0;
2504.95;0.00871557;-0.0996195;0;-22.9431;39.8478;-16.9047;-14210;26103;-9106;-19.792;36.7566;-11.3097;0.307692;0.589744;0.179487;0.0739744;-0.55559;0.034188;910.328;681.634;84.9185;0;0;0;
2536.96;0.00871557;-0.0996195;0;-22.9431;39.8478;-16.9047;-14210;26103;-9106;-19.792;36.7566;-11.3097;0.307692;0.589744;0.179487;0.0739744;-0.55559;0.034188;910.328;678.949;84.9185;-0.155325;-2.90269;0.00330353;
2568.93;0.00871557;-0.0996195;0;-22.9431;39.8478;-16.9047;-14210;26103;-9106;-19.792;36.7566;-11.3097;0.307692;0.589744;0.179487;0.0739744;-0.55559;0.034188;909.88;677.83;84.6952;1.01011;-1.97031;-0.223289;
2600.99;0.00871557;-0.0996195;0;-22.9431;39.8478;-16.9047;-14210;26103;-9106;-19.792;36.7566;-11.3097;0.307692;0.589744;0.179487;0.0739744;-0.55559;0.034188;909.88;676.04;84.7295;0.302083;-3.27469;0.0342789;
2632.97;0.00871557;-0.0996195;0;-22.9431;39.8478;-16.9047;-14210;26103;-9106;-19.792;36.7566;-11.3097;0.307692;0.589744;0.179487;0.0739744;-0.55559;0.034188;910.104;675.145;84.9152;-0.264467;-1.67421;0.185692;
2665.01;0.00871557;-0.0996195;0;-22.9431;39.8478;-16.9047;-14210;26103;-9106;-19.792;36.7566;-11.3097;0.307692;0.589744;0.179487;0.0739744;-0.55559;0.034188;910.104;673.802;85.3191;0.201277;-2.45822;0.403908;
2696.97;0.00871557;-0.0996195;0;-22.9431;39.8478;-16.9047;-15864;29095;-10213;-19.792;36.7566;-11.3097;0.487179;0.461538;0.0512821;0.251513;-0.487154;-0.025641;910.104;673.802;85.3191;0;0;0;
2728.05;0.00871557;-0.0996195;0;-22.9431;39.8478;-16.9047;-15864;29095;-10213;-19.792;36.7566;-11.3097;0.487179;0.461538;0.0512821;0.251513;-0.487154;-0.025641;910.104;672.684;85.1358;0.174276;-2.04786;-0.18335;
2758.95;0.00871557;-0.0996195;0;-22.9431;39.8478;-16.9047;-16089;29501;-10358;-16.9646;33.9292;-14.1372;0.435897;0.641026;0.333333;0.0591795;-0.683718;-0.042735;910.104;671.341;85.098;0.21076;-2.45743;-0.0377274;
2790.97;0.00871557;-0.0996195;0;-22.9431;39.8478;-16.9047;-16209;29748;-10442;-22.6195;31.1018;-8.4823;0.25641;0.820513;0.102564;0.0887692;-0.666821;0.153846;910.104;670.222;85.3191;0.167731;-2.04852;0.221077;
2822.96;0.00871557;-0.0996195;0;-22.9431;39.8478;-16.9047;-16412;30120;-10581;-16.9646;31.1018;-8.4823;0.641026;0.615385;0.333333;0.177538;-0.734923;-0.119658;910.104;669.999;85.1358;0.0348571;-0.409594;-0.18335;
2854.95;0.00871557;-0.0996195;0;-22.9431;39.8478;-16.9047;-16519;30318;-10641;-19.792;33.9292;-11.3097;0.589744;0.641026;0.487179;0.0591795;-0.78618;-0.145299;909.88;668.209;85.3215;0.678666;-3.24394;0.185699;
2886.99;0.00871557;-0.0996195;0;-22.9431;39.8478;-16.9047;-16756;30721;-10776;-19.792;36.7566;-11.3097;0.333333;0.641026;0.358974;-0.0147949;-0.658103;-0.017094;909.432;666.643;85.5363;1.04507;-2.80458;0.214859;
2917.98;0.00871557;-0.0996195;0;-22.9431;39.8478;-16.9047;-16982;31116;-10907;-19.792;36.7566;-11.3097;0.307692;0.615385;0.282051;0.0147949;-0.606846;0.00854701;909.432;665.747;85.5363;0.12797;-1.63931;1.52588e-05;
2950;0.00871557;-0.0996195;0;-22.9431;39.8478;-16.9047;-17202;31518;-11054;-19.792;33.9292;-14.1372;0.461538;0.717949;0.25641;0.118359;-0.717949;0;909.209;664.405;84.9152;0.628793;-2.42024;-0.621132;
2981.97;0.00871557;-0.0996195;0;-22.9431;39.8478;-16.9047;-17309;31720;-11122;-19.792;36.7566;-11.3097;0.487179;0.487179;0.230769;0.147949;-0.564026;-0.0769231;909.432;663.286;85.3181;-0.242682;-2.08202;0.402931;
3013.01;0.00871557;-0.0996195;0;-22.9431;39.8478;-16.9047;-17529;32124;-11268;-16.9646;36.7566;-14.1372;0.615385;0.615385;0.25641;0.207128;-0.700769;-0.0854701;908.761;661.944;85.9435;1.40682;-2.37287;0.62532;
3043.98;0.00871557;-0.0996195;0;-22.9431;39.8478;-16.9047;-17746;32527;-11402;-19.792;36.7566;-11.3097;0.666667;0.666667;0.25641;0.236718;-0.752051;-0.0854701;909.209;660.601;85.9435;-0.647091;-2.51842;7.62939e-06;
3075.04;0.00871557;-0.0996195;0;-22.9431;39.8478;-16.9047;-17850;32729;-11472;-16.9646;36.7566;-14.1372;0.435897;0.615385;0.282051;0.0887692;-0.649539;-0.034188;909.209;658.811;85.9435;0.23263;-3.28024;0;
3106.97;0.00871557;-0.0996195;0;-22.9431;39.8478;-16.9047;-18075;33146;-11617;-19.792;39.5841;-14.1372;0.435897;0.589744;0.25641;0.103564;-0.623897;-0.034188;909.209;657.916;85.9435;0.116319;-1.64018;0;
3138.93;0.00871557;-0.0996195;0;-22.9431;39.8478;-16.9047;-18283;33560;-11763;-16.9646;36.7566;-11.3097;0.564103;0.410256;0.102564;0.266308;-0.495641;-0.0854701;909.209;657.916;85.9435;0;0;0;
3169.97;0.00871557;-0.0996195;0;-22.9431;39.8478;-16.9047;-18503;33968;-11896;-16.9646;36.7566;-11.3097;0.564103;0.25641;0.179487;0.221923;-0.418641;-0.162393;909.209;656.574;85.9435;0.174477;-2.46027;2.28882e-05;
3199.98;0.00871557;-0.0996195;0;-22.9431;39.8478;-16.9047;-18618;34185;-11974;-19.792;42.4115;-11.3097;0.358974;0.512821;0.128205;0.133154;-0.504282;0.00854701;909.209;655.231;85.9435;0.17447;-2.46016;-2.28882e-05;
3230.04;0.00871557;-0.0996195;0;-22.9431;39.8478;-16.9047;-18836;34589;-12121;-22.6195;36.7566;-11.3097;0.358974;0.307692;0.128205;0.133154;-0.367462;-0.0598291;908.985;653.665;86.3449;0.594409;-2.8453;0.401459;
3260.96;0.00871557;-0.0996195;0;-22.9431;39.8478;-16.9047;-19061;35003;-12265;-19.792;33.9292;-11.3097;0.410256;0.589744;0.179487;0.133154;-0.589744;4.96705e-09;909.209;652.323;85.7253;-0.226824;-2.49028;-0.619568;
3291.01;0.00871557;-0.0996195;0;-22.9431;39.8478;-16.9047;-19172;35220;-12334;-16.9646;36.7566;-11.3097;0.384615;0.358974;0.282051;0.0591795;-0.461436;-0.102564;908.985;650.98;86.3449;0.56821;-2.43518;0.619583;
3321.99;0.00871557;-0.0996195;0;-22.9431;39.8478;-16.9047;-19401;35626;-12473;-19.792;36.7566;-11.3097;0.25641;0.358974;0.205128;0.0295897;-0.393128;-0.034188;908.761;649.861;85.9435;0.556172;-2.02098;-0.401482;
3353.96;0.00871557;-0.0996195;0;-22.9431;39.8478;-16.9047;-19632;36044;-12617;-22.6195;33.9292;-11.3097;0.230769;0.487179;0.179487;0.0295897;-0.461564;0.025641;908.537;648.071;86.5404;0.609511;-3.25775;0.596954;
3385.96;0.00871557;-0.0996195;0;-22.9431;39.8478;-16.9047;-19751;36248;-12685;-22.6195;33.9292;-11.3097;0.307692;0.512821;0.307692;0;-0.546974;-0.034188;908.537;646.953;86.3506;0.130818;-2.05109;-0.189781;
3417.97;0.00871557;-0.0996195;0;-22.9431;39.8478;-16.9047;-19983;36660;-12816;-19.792;33.9292;-11.3097;0.358974;0.589744;0.307692;0.0295897;-0.615359;-0.025641;908.314;645.61;86.5372;0.560034;-2.43707;0.1866;
3449.97;0.00871557;-0.0996195;0;-22.9431;39.8478;-16.9047;-20210;37062;-12954;-19.792;33.9292;-11.3097;0.384615;0.461538;0.153846;0.133154;-0.487154;-0.025641;908.537;644.044;86.5404;-0.237425;-2.89702;0.00317383;
3480.93;0.00871557;-0.0996195;0;-22.9431;39.8478;-16.9047;-20436;37467;-13092;-22.6195;31.1018;-11.3097;0.461538;0.615385;0.384615;0.0443846;-0.692231;-0.0769231;908.09;642.701;86.1583;0.987024;-2.40572;-0.38205;
3512.94;0.00871557;-0.0996195;0;-22.9431;39.8478;-16.9047;-20654;37865;-13226;-19.792;33.9292;-14.1372;0.487179;0.538462;0.230769;0.147949;-0.598231;-0.0598291;907.866;641.359;86.7528;0.550741;-2.43905;0.594475;
3545;0.00871557;-0.0996195;0;-22.9431;39.8478;-16.9047;-20771;38076;-13302;-16.9646;36.7566;-11.3097;0.435897;0.487179;0.128205;0.177538;-0.512795;-0.025641;907.866;639.792;86.5631;0.172507;-2.87235;-0.189766;
3576.94;0.00871557;-0.0996195;0;-22.9431;39.8478;-16.9047;-20996;38474;-13443;-19.792;33.9292;-11.3097;0.384615;0.512821;0.153846;0.133154;-0.521359;-0.008547;907.643;638.003;86.3506;0.620292;-3.2556;-0.212456;
3607.95;0.00871557;-0.0996195;0;-22.9431;39.8478;-16.9047;-21217;38887;-13581;-22.6195;39.5841;-11.3097;0.487179;0.615385;0.25641;0.133154;-0.658077;-0.042735;907.419;637.107;86.563;0.509647;-1.61665;0.212448;
3640.03;0.00871557;-0.0996195;0;-22.9431;39.8478;-16.9047;-21322;39095;-13654;-19.792;33.9292;-14.1372;0.384615;0.538462;0.179487;0.118359;-0.547;-0.008547;907.643;635.541;86.9652;-0.2589;-2.89518;0.402191;
3670.1;0.00871557;-0.0996195;0;-22.9431;39.8478;-16.9047;-21548;39490;-13801;-19.792;33.9292;-11.3097;0.384615;0.74359;0.102564;0.162744;-0.658205;0.0854701;907.419;634.422;86.563;0.534291;-2.02699;-0.402191;
3699.73;0.00871557;-0.0996195;0;-22.9431;39.8478;-16.9047;-21774;39906;-13931;-19.792;36.7566;-11.3097;0.564103;0.615385;0.410256;0.0887692;-0.734923;-0.119658;907.419;634.422;86.563;0;0;0;
3731.71;0.00871557;-0.0996195;0;-22.9431;39.8478;-16.9047;-22004;40307;-14066;-19.792;33.9292;-11.3097;0.512821;0.641026;0.307692;0.118359;-0.700795;-0.0598291;907.643;633.08;87.178;-0.289887;-2.48362;0.614937;
3763.67;0.00871557;-0.0996195;0;-22.9431;39.8478;-16.9047;-22111;40501;-14131;-16.9646;31.1018;-11.3097;0.333333;0.666667;0.179487;0.0887692;-0.615436;0.0512821;907.643;631.737;86.3506;0.156992;-2.46145;-0.827385;
3794.7;0.00871557;-0.0996195;0;-22.9431;39.8478;-16.9047;-22342;40911;-14276;-22.6195;36.7566;-14.1372;0.307692;0.74359;0.25641;0.0295897;-0.68382;0.0598291;907.419;630.619;86.7528;0.527568;-2.02863;0.402237;
3824.73;0.00871557;-0.0996195;0;-22.9431;39.8478;-16.9047;-22570;41319;-14404;-19.792;36.7566;-11.3097;0.358974;0.564103;0.333333;0.0147949;-0.606795;-0.042735;907.643;629.052;86.3506;-0.227821;-2.8979;-0.402237;
3856.71;0.00871557;-0.0996195;0;-22.9431;39.8478;-16.9047;-22678;41515;-14470;-16.9646;33.9292;-11.3097;0.435897;0.641026;0.230769;0.118359;-0.649564;-0.008547;907.195;627.71;87.1607;0.944782;-2.42251;0.810112;
3888.75;0.00871557;-0.0996195;0;-22.9431;39.8478;-16.9047;-22899;41914;-14609;-19.792;33.9292;-11.3097;0.410256;0.74359;0.282051;0.0739744;-0.726513;0.017094;907.643;627.039;86.9652;-0.757181;-1.2751;-0.195473;
3920.14;0.00871557;-0.0996195;0;-22.9431;39.8478;-16.9047;-23112;42322;-14752;-19.792;33.9292;-11.3097;0.435897;0.461538;0.128205;0.177538;-0.495692;-0.034188;906.971;625.025;86.9684;1.42936;-3.62904;0.00318146;
3952.13;0.00871557;-0.0996195;0;-22.9431;39.8478;-16.9047;-23330;42715;-14886;-19.792;33.9292;-14.1372;0.538462;0.615385;0.282051;0.147949;-0.683692;-0.0683761;906.524;623.906;86.7528;0.938727;-2.00542;-0.215614;
3984.12;0.00871557;-0.0996195;0;-22.9431;39.8478;-16.9047;-23441;42922;-14963;-16.9646;33.9292;-11.3097;0.666667;0.692308;0.0769231;0.340282;-0.709385;-0.017094;906.971;622.116;86.7528;-0.636031;-3.32986;1.52588e-05;
4015.09;0.00871557;-0.0996195;0;-22.9431;39.8478;-16.9047;-23647;43315;-15105;-22.6195;36.7566;-14.1372;0.538462;0.512821;0.25641;0.162744;-0.606744;-0.0940171;906.971;621.445;87.3706;0.0565747;-1.23192;0.617783;
4047.13;0.00871557;-0.0996195;0;-22.9431;39.8478;-16.9047;-23861;43724;-15256;-19.792;33.9292;-14.1372;0.512821;0.615385;0.230769;0.162744;-0.658077;-0.042735;906.747;619.655;87.178;0.573217;-3.26422;-0.192635;
4079.09;0.00871557;-0.0996195;0;-22.9431;39.8478;-16.9047;-24078;44131;-15406;-16.9646;36.7566;-14.1372;0.538462;0.74359;0.0512821;0.281103;-0.692359;0.051282;907.195;618.536;86.9678;-0.713747;-2.09606;-0.210197;
4111.09;0.00871557;-0.0996195;0;-22.9431;39.8478;-16.9047;-24183;44329;-15483;-19.792;33.9292;-14.1372;0.564103;0.512821;0.0512821;0.295897;-0.546974;-0.034188;906.971;616.746;86.7528;0.597429;-3.25999;-0.214951;
4143.1;0.00871557;-0.0996195;0;-22.9431;39.8478;-16.9047;-24398;44741;-15639;-19.792;36.7566;-11.3097;0.410256;0.615385;0.102564;0.177538;-0.581231;0.034188;907.419;615.628;86.9507;-0.713128;-2.09616;0.197845;
4173.1;0.00871557;-0.0996195;0;-22.9431;39.8478;-16.9047;-24615;45158;-15789;-19.792;39.5841;-14.1372;0.282051;0.487179;0.153846;0.0739744;-0.470103;0.017094;906.747;614.285;87.178;1.35537;-2.40252;0.227303;
4203.09;0.00871557;-0.0996195;0;-22.9431;39.8478;-16.9047;-24828;45551;-15930;-19.792;33.9292;-11.3097;0.435897;0.410256;0.0769231;0.207128;-0.44441;-0.034188;906.971;612.495;86.9684;-0.237314;-3.30577;-0.209557;
4235.79;0.00871557;-0.0996195;0;-22.9431;39.8478;-16.9047;-24943;45762;-16004;-16.9646;36.7566;-14.1372;0.487179;0.538462;0.128205;0.207128;-0.564077;-0.025641;906.971;612.495;86.9684;0;0;0;
4266.07;0.00871557;-0.0996195;0;-22.9431;39.8478;-16.9047;-25157;46171;-16151;-19.792;36.7566;-14.1372;0.410256;0.717949;0.102564;0.177538;-0.649641;0.0683761;906.524;609.81;87.3706;0.562245;-3.26624;0.192635;
4298.12;0.00871557;-0.0996195;0;-22.9431;39.8478;-16.9047;-25390;46565;-16298;-19.792;33.9292;-14.1372;0.205128;0.384615;0.0769231;0.0739744;-0.350462;0.034188;906.076;608.915;87.3706;0.898185;-1.60467;0;
4330.1;0.00871557;-0.0996195;0;-22.9431;39.8478;-16.9047;-25505;46776;-16364;-16.9646;36.7566;-11.3097;0.538462;0.461538;0.410256;0.0739744;-0.623769;-0.162393;906.076;608.915;87.3706;0;0;0;
4362.1;0.00871557;-0.0996195;0;-22.9431;39.8478;-16.9047;-25731;47176;-16504;-19.792;33.9292;-14.1372;0.487179;0.794872;0.282051;0.118359;-0.786333;0.00854701;905.852;607.349;86.9652;0.563576;-2.85168;-0.405365;
4393.12;0.00871557;-0.0996195;0;-22.9431;39.8478;-16.9047;-25959;47579;-16644;-19.792;36.7566;-11.3097;0.358974;0.717949;0.282051;0.0443846;-0.692333;0.025641;905.181;606.23;87.3706;1.32843;-1.99653;0.405365;
4425.22;0.00871557;-0.0996195;0;-22.9431;39.8478;-16.9047;-26180;47977;-16793;-19.792;33.9292;-14.1372;0.512821;0.666667;0.205128;0.177538;-0.683744;-0.017094;905.629;604.44;87.3706;-0.671897;-3.3228;0;
4457.31;0.00871557;-0.0996195;0;-22.9431;39.8478;-16.9047;-26289;48172;-16857;-19.792;31.1018;-11.3097;0.461538;0.74359;0.25641;0.118359;-0.735051;0.00854701;905.181;603.321;87.5833;0.909562;-2.01881;0.212669;
4489.1;0.00871557;-0.0996195;0;-22.9431;39.8478;-16.9047;-26516;48578;-17000;-16.9646;36.7566;-11.3097;0.461538;0.435897;0.179487;0.162744;-0.504205;-0.0683761;905.629;601.979;87.5833;-0.718893;-2.49887;-7.62939e-06;
4521.11;0.00871557;-0.0996195;0;-22.9431;39.8478;-16.9047;-26742;48985;-17142;-19.792;36.7566;-14.1372;0.358974;0.615385;0.230769;0.0739744;-0.606846;0.00854701;905.181;600.189;87.5777;0.961765;-3.25074;-0.00561523;
4553.11;0.00871557;-0.0996195;0;-22.9431;39.8478;-16.9047;-26969;49387;-17287;-22.6195;39.5841;-14.1372;0.410256;0.487179;0.128205;0.162744;-0.504256;-0.017094;904.958;599.518;88.3865;0.446374;-1.22114;0.8088;
4585.06;0.00871557;-0.0996195;0;-22.9431;39.8478;-16.9047;-27082;49599;-17356;-19.792;39.5841;-8.4823;0.358974;0.666667;0.25641;0.0591795;-0.64959;0.017094;904.734;597.728;87.7765;0.539089;-3.27003;-0.609978;
4616.48;0.00871557;-0.0996195;0;-22.9431;39.8478;-16.9047;-27301;50010;-17502;-19.792;36.7566;-11.3097;0.512821;0.179487;0.128205;0.221923;-0.33318;-0.153846;904.958;596.833;88.3865;-0.365349;-1.65524;0.609978;
4648.48;0.00871557;-0.0996195;0;-22.9431;39.8478;-16.9047;-27520;50430;-17636;-16.9646;36.7566;-11.3097;0.641026;0.410256;0.282051;0.207128;-0.581026;-0.17094;904.958;595.042;88.3865;0.0926003;-3.28729;0;
4679.15;0.00871557;-0.0996195;0;-22.9431;39.8478;-16.9047;-27742;50843;-17778;-19.792;36.7566;-14.1372;0.410256;0.641026;0.307692;0.0591795;-0.666641;-0.025641;904.734;594.148;88.1792;0.463846;-1.63027;-0.207253;
4709.16;0.00871557;-0.0996195;0;-22.9431;39.8478;-16.9047;-27850;51043;-17844;-19.792;36.7566;-14.1372;0.435897;0.282051;0.25641;0.103564;-0.418667;-0.136752;905.181;592.581;88.3893;-0.742306;-2.89942;0.210052;
4739.15;0.00871557;-0.0996195;0;-22.9431;39.8478;-16.9047;-28077;51461;-17985;-19.792;33.9292;-14.1372;0.410256;0.538462;0.282051;0.0739744;-0.589692;-0.051282;905.181;592.581;88.3893;0;0;0;
4771.11;0.00871557;-0.0996195;0;-22.9431;39.8478;-16.9047;-28300;51872;-18123;-19.792;36.7566;-11.3097;0.487179;0.641026;0.282051;0.118359;-0.683718;-0.042735;904.51;591.239;87.7733;1.33022;-2.41659;-0.615906;
4803.15;0.00871557;-0.0996195;0;-22.9431;39.8478;-16.9047;-28410;52073;-18193;-19.792;39.5841;-14.1372;0.333333;0.538462;0.230769;0.0591795;-0.547;-0.008547;904.51;589.672;87.9835;0.101253;-2.87574;0.210129;
4835.18;0.00871557;-0.0996195;0;-22.9431;39.8478;-16.9047;-28640;52486;-18332;-19.792;39.5841;-11.3097;0.307692;0.487179;0.307692;0;-0.529872;-0.0427351;904.286;589.001;87.9832;0.454952;-1.21785;-0.000228882;
4866.08;0.00871557;-0.0996195;0;-22.9431;39.8478;-16.9047;-28867;52898;-18470;-16.9646;36.7566;-11.3097;0.25641;0.666667;0.230769;0.0147949;-0.606897;0.0598291;904.062;586.988;88.3865;0.51582;-3.6865;0.403221;
4898.1;0.00871557;-0.0996195;0;-22.9431;39.8478;-16.9047;-29087;53290;-18613;-19.792;33.9292;-14.1372;0.333333;0.692308;0.282051;0.0295897;-0.666692;0.025641;904.062;585.645;87.9887;0.086562;-2.46493;-0.397728;
4930.1;0.00871557;-0.0996195;0;-22.9431;39.8478;-16.9047;-29204;53501;-18683;-19.792;36.7566;-14.1372;0.512821;0.435897;0.205128;0.177538;-0.529821;-0.0940171;903.839;584.302;88.1792;0.489971;-2.45212;0.190491;
4962.11;0.00871557;-0.0996195;0;-22.9431;39.8478;-16.9047;-29418;53920;-18832;-19.792;33.9292;-11.3097;0.461538;0.487179;0.153846;0.177538;-0.529872;-0.042735;903.839;582.736;88.3893;0.0808809;-2.87638;0.210098;
4993.64;0.00871557;-0.0996195;0;-22.9431;39.8478;-16.9047;-29633;54320;-18975;-19.792;36.7566;-11.3097;0.410256;0.538462;0.0769231;0.192333;-0.521385;0.017094;903.615;581.617;88.3865;0.46952;-2.04285;-0.00285339;
5025.64;0.00871557;-0.0996195;0;-22.9431;39.8478;-16.9047;-29852;54739;-19124;-19.792;36.7566;-11.3097;0.538462;0.333333;0.153846;0.221923;-0.452872;-0.119658;903.839;580.051;88.3893;-0.330772;-2.88785;0.00285339;
5056.93;0.00871557;-0.0996195;0;-22.9431;39.8478;-16.9047;-29962;54946;-19196;-19.792;36.7566;-14.1372;0.512821;0.461538;0.153846;0.207128;-0.529846;-0.0683761;904.062;578.261;88.5937;-0.330981;-3.29771;0.204391;
5088.61;0.00871557;-0.0996195;0;-22.9431;39.8478;-16.9047;-30174;55376;-19348;-19.792;39.5841;-11.3097;0.538462;0.307692;0.179487;0.207128;-0.444308;-0.136752;903.615;577.143;88.3865;0.881169;-2.03125;-0.207245;
5119.65;0.00871557;-0.0996195;0;-22.9431;39.8478;-16.9047;-30389;55789;-19497;-19.792;33.9292;-14.1372;0.538462;0.333333;0.205128;0.192333;-0.469949;-0.136752;904.062;575.576;88.5937;-0.75276;-2.89676;0.207245;
5150.95;0.00871557;-0.0996195;0;-22.9431;39.8478;-16.9047;-30597;56202;-19639;-16.9646;33.9292;-11.3097;0.538462;0.589744;0.25641;0.162744;-0.658051;-0.0683761;903.615;574.458;88.3865;0.881172;-2.03137;-0.207245;
5181.98;0.00871557;-0.0996195;0;-22.9431;39.8478;-16.9047;-30718;56410;-19712;-22.6195;39.5841;-14.1372;0.282051;0.384615;0.179487;0.0591795;-0.410231;-0.025641;903.615;572.891;87.7733;0.111799;-2.87535;-0.613129;
5211.95;0.00871557;-0.0996195;0;-22.9431;39.8478;-16.9047;-30938;56811;-19853;-19.792;33.9292;-11.3097;0.589744;0.666667;0.333333;0.147949;-0.752051;-0.0854701;902.944;571.549;88.3893;1.30428;-2.43063;0.615906;
5243;0.00871557;-0.0996195;0;-22.9431;39.8478;-16.9047;-31155;57203;-19988;-19.792;33.9292;-14.1372;0.487179;0.615385;0.333333;0.0887692;-0.683692;-0.0683761;903.167;570.206;88.5937;-0.35116;-2.4757;0.204453;
5274.95;0.00871557;-0.0996195;0;-22.9431;39.8478;-16.9047;-31273;57414;-20056;-16.9646;36.7566;-11.3097;0.512821;0.692308;0.307692;0.118359;-0.735;-0.0427351;903.167;568.64;88.7898;0.060776;-2.87688;0.19606;
5306.93;0.00871557;-0.0996195;0;-22.9431;39.8478;-16.9047;-31496;57822;-20200;-19.792;33.9292;-14.1372;0.461538;0.615385;0.179487;0.162744;-0.623923;-0.008547;903.167;567.521;88.5937;0.0504429;-2.05475;-0.19606;
5338.93;0.00871557;-0.0996195;0;-22.9431;39.8478;-16.9047;-31714;58214;-20338;-19.792;33.9292;-11.3097;0.461538;0.487179;0.307692;0.0887692;-0.581103;-0.0940171;902.72;565.955;89.1931;0.864066;-2.86552;0.599358;
5370.93;0.00871557;-0.0996195;0;-22.9431;39.8478;-16.9047;-31936;58620;-20475;-19.792;39.5841;-11.3097;0.307692;0.589744;0.307692;0;-0.598282;-0.00854701;902.496;564.836;88.7897;0.455132;-2.0461;-0.403374;
5402.95;0.00871557;-0.0996195;0;-22.9431;39.8478;-16.9047;-32157;59028;-20620;-19.792;33.9292;-11.3097;0.384615;0.564103;0.230769;0.0887692;-0.581179;-0.017094;902.72;563.27;89.193;-0.371246;-2.88304;0.403358;
5434.96;0.00871557;-0.0996195;0;-22.9431;39.8478;-16.9047;-32269;59225;-20691;-19.792;33.9292;-14.1372;0.461538;0.384615;0.230769;0.133154;-0.487077;-0.102564;902.049;561.704;88.3892;1.31583;-2.84166;-0.80381;
5465.93;0.00871557;-0.0996195;0;-22.9431;39.8478;-16.9047;-32495;59636;-20840;-19.792;36.7566;-11.3097;0.487179;0.666667;0.230769;0.147949;-0.683744;-0.017094;902.272;560.585;88.7897;-0.368309;-2.06361;0.400513;
5495.93;0.00871557;-0.0996195;0;-22.9431;39.8478;-16.9047;-32711;60043;-20993;-22.6195;33.9292;-14.1372;0.615385;0.589744;0.153846;0.266308;-0.649513;-0.0598291;902.496;559.242;88.997;-0.368575;-2.47317;0.207207;
5528.04;0.00871557;-0.0996195;0;-22.9431;39.8478;-16.9047;-32814;60244;-21071;-19.792;36.7566;-14.1372;0.538462;0.358974;0.102564;0.251513;-0.452897;-0.0940171;902.496;559.242;88.997;0;0;0;
5559.56;0.00871557;-0.0996195;0;-22.9431;39.8478;-16.9047;-33036;60660;-21221;-16.9646;33.9292;-11.3097;0.615385;0.461538;0.0769231;0.310692;-0.538385;-0.0769231;902.496;558.124;89.5993;0.0143723;-2.05521;0.602371;
5590.46;0.00871557;-0.0996195;0;-22.9431;39.8478;-16.9047;-33250;61072;-21371;-19.792;33.9292;-11.3097;0.512821;0.538462;0.153846;0.207128;-0.581154;-0.042735;902.272;557.005;89.1931;0.440717;-2.04937;-0.40625;
5621.48;0.00871557;-0.0996195;0;-22.9431;39.8478;-16.9047;-33361;61270;-21445;-19.792;33.9292;-14.1372;0.384615;0.461538;0.0512821;0.192333;-0.453;0.00854701;902.049;555.439;89.5993;0.431925;-2.87457;0.40625;
5653.51;0.00871557;-0.0996195;0;-22.9431;39.8478;-16.9047;-33586;61686;-21596;-22.6195;36.7566;-11.3097;0.358974;0.487179;0.205128;0.0887692;-0.512795;-0.025641;902.049;553.872;89.7983;0.0101311;-2.87739;0.198936;
5685.5;0.00871557;-0.0996195;0;-22.9431;39.8478;-16.9047;-33805;62093;-21738;-16.9646;36.7566;-14.1372;0.461538;0.487179;0.307692;0.0887692;-0.581103;-0.0940171;901.825;552.754;89.3976;0.433398;-2.05082;-0.400665;
5717.6;0.00871557;-0.0996195;0;-22.9431;39.8478;-16.9047;-34041;62511;-21872;-19.792;36.7566;-11.3097;0.512821;0.410256;0.282051;0.133154;-0.538333;-0.128205;901.154;551.635;89.8011;1.24257;-2.05107;0.403465;
5747.48;0.00871557;-0.0996195;0;-22.9431;39.8478;-16.9047;-34150;62708;-21945;-19.792;33.9292;-11.3097;0.435897;0.461538;0.153846;0.162744;-0.504231;-0.042735;901.154;550.292;89.7983;0.00868415;-2.46643;-0.00279999;
5778.45;0.00871557;-0.0996195;0;-22.9431;39.8478;-16.9047;-34380;63122;-22087;-16.9646;36.7566;-14.1372;0.205128;0.589744;0.25641;-0.0295897;-0.547051;0.0427351;900.93;548.726;89.3976;0.442041;-2.87292;-0.40065;
5810.45;0.00871557;-0.0996195;0;-22.9431;39.8478;-16.9047;-34602;63529;-22233;-19.792;36.7566;-11.3097;0.410256;0.538462;0.205128;0.118359;-0.564077;-0.025641;900.706;547.608;90.6053;0.390078;-2.0595;1.20766;
5842.46;0.00871557;-0.0996195;0;-22.9431;39.8478;-16.9047;-34710;63724;-22304;-19.792;33.9292;-11.3097;0.487179;0.435897;0.205128;0.162744;-0.521282;-0.0854701;900.259;546.265;89.8011;0.831959;-2.46357;-0.804214;
5874.47;0.00871557;-0.0996195;0;-22.9431;39.8478;-16.9047;-34936;64133;-22443;-19.792;33.9292;-14.1372;0.435897;0.538462;0.230769;0.118359;-0.581154;-0.042735;900.035;544.922;90.8069;0.377036;-2.472;1.00587;
5906.51;0.00871557;-0.0996195;0;-22.9431;39.8478;-16.9047;-35162;64551;-22591;-19.792;39.5841;-11.3097;0.384615;0.589744;0.25641;0.0739744;-0.606821;-0.017094;900.259;543.804;90.4007;-0.426175;-2.05244;-0.406265;
5938.57;0.00871557;-0.0996195;0;-22.9431;39.8478;-16.9047;-35381;64960;-22735;-19.792;33.9292;-11.3097;0.333333;0.307692;0.153846;0.103564;-0.367462;-0.0598291;900.259;543.804;90.4007;0;0;0;
5970.66;0.00871557;-0.0996195;0;-22.9431;39.8478;-16.9047;-35599;65365;-22877;-19.792;36.7566;-11.3097;0.435897;0.487179;0.128205;0.177538;-0.512795;-0.025641;900.035;541.79;89.6021;0.437492;-3.6965;-0.798546;
6001.62;0.00871557;-0.0996195;0;-22.9431;39.8478;-16.9047;-35715;65584;-22957;-19.792;39.5841;-14.1372;0.564103;0.282051;0.102564;0.266308;-0.410128;-0.128205;900.035;540.448;90;-1.07812e-07;-2.46645;0.397873;
6033.63;0.00871557;-0.0996195;0;-22.9431;39.8478;-16.9047;-35933;65986;-23106;-22.6195;33.9292;-11.3097;0.410256;0.282051;0.179487;0.133154;-0.384513;-0.102564;900.035;539.329;89.3976;0.0216095;-2.05526;-0.602402;
6065.52;0.00871557;-0.0996195;0;-22.9431;39.8478;-16.9047;-36154;66399;-23261;-19.792;33.9292;-14.1372;0.384615;0.564103;0.179487;0.118359;-0.564103;4.96705e-09;899.811;537.762;89.7983;0.421941;-2.87605;0.400665;
6096.66;0.00871557;-0.0996195;0;-22.9431;39.8478;-16.9047;-36265;66618;-23339;-16.9646;33.9292;-14.1372;0.589744;0.333333;0.205128;0.221923;-0.487026;-0.153846;899.588;535.973;90;0.411812;-3.28837;0.201736;
6128.62;0.00871557;-0.0996195;0;-22.9431;39.8478;-16.9047;-36493;67023;-23485;-16.9646;33.9292;-11.3097;0.410256;0.410256;0.102564;0.177538;-0.44441;-0.034188;899.588;534.63;90;-1.07812e-07;-2.46645;0;
6160.63;0.00871557;-0.0996195;0;-22.9431;39.8478;-16.9047;-36718;67440;-23633;-19.792;36.7566;-14.1372;0.461538;0.384615;0.230769;0.133154;-0.487077;-0.102564;899.364;533.735;90.6024;0.394502;-1.64854;0.602402;
6192.69;0.00871557;-0.0996195;0;-22.9431;39.8478;-16.9047;-36947;67856;-23783;-19.792;36.7566;-14.1372;0.333333;0.461538;0.102564;0.133154;-0.453;0.00854701;899.14;532.392;90.7956;0.377526;-2.47193;0.193161;
6224.67;0.00871557;-0.0996195;0;-22.9431;39.8478;-16.9047;-37054;68058;-23846;-16.9646;39.5841;-11.3097;0.564103;0.589744;0.358974;0.118359;-0.700744;-0.111111;899.364;531.05;90.6024;-0.437721;-2.46187;-0.193153;
6256.69;0.00871557;-0.0996195;0;-22.9431;39.8478;-16.9047;-37285;68466;-23990;-19.792;36.7566;-11.3097;0.487179;0.435897;0.0769231;0.236718;-0.47859;-0.042735;899.14;529.484;91.0058;0.361242;-2.88419;0.403358;
6288.65;0.00871557;-0.0996195;0;-22.9431;39.8478;-16.9047;-37505;68872;-24135;-19.792;33.9292;-11.3097;0.538462;0.692308;0.179487;0.207128;-0.700846;-0.00854701;898.693;527.694;91.0058;0.765772;-3.30255;1.52588e-05;
6320.65;0.00871557;-0.0996195;0;-22.9431;39.8478;-16.9047;-37732;69269;-24280;-19.792;36.7566;-14.1372;0.435897;0.538462;0.102564;0.192333;-0.538462;7.45058e-09;898.469;526.575;89.8011;0.418946;-2.05382;-1.20472;
6351.64;0.00871557;-0.0996195;0;-22.9431;39.8478;-16.9047;-37844;69476;-24354;-19.792;33.9292;-11.3097;0.384615;0.589744;0.153846;0.133154;-0.572667;0.017094;898.469;525.456;90.8012;-0.0288531;-2.05506;1.00018;
6383.64;0.00871557;-0.0996195;0;-22.9431;39.8478;-16.9047;-38068;69885;-24503;-19.792;36.7566;-14.1372;0.384615;0.666667;0.128205;0.147949;-0.615436;0.0512821;898.245;523.89;90.8069;0.371248;-2.88303;0.00566101;
6415.66;0.00871557;-0.0996195;0;-22.9431;39.8478;-16.9047;-38289;70301;-24647;-16.9646;36.7566;-14.1372;0.589744;0.487179;0.230769;0.207128;-0.598179;-0.111111;898.245;522.324;91.0058;-0.0505103;-2.87708;0.198875;
6447.63;0.00871557;-0.0996195;0;-22.9431;39.8478;-16.9047;-38504;70710;-24799;-16.9646;33.9292;-11.3097;0.794872;0.461538;0.0769231;0.414256;-0.598154;-0.136752;898.245;521.429;91.0058;-0.0288627;-1.64404;-7.62939e-06;
6479.65;0.00871557;-0.0996195;0;-22.9431;39.8478;-16.9047;-38606;70907;-24865;-16.9646;36.7566;-8.4823;0.435897;0.461538;0.25641;0.103564;-0.538385;-0.0769231;898.021;519.862;91.0031;0.361377;-2.88418;-0.00270844;
6511.65;0.00871557;-0.0996195;0;-22.9431;39.8478;-16.9047;-38823;71328;-25018;-19.792;36.7566;-14.1372;0.435897;0.358974;0.0512821;0.221923;-0.401667;-0.042735;898.021;518.967;91.4063;-0.0403544;-1.6438;0.403229;
6542.61;0.00871557;-0.0996195;0;-22.9431;39.8478;-16.9047;-39043;71745;-25163;-16.9646;36.7566;-14.1372;0.692308;0.512821;0.153846;0.310692;-0.623821;-0.111111;898.021;517.401;91.2018;-0.0603514;-2.87678;-0.204475;
6574.61;0.00871557;-0.0996195;0;-22.9431;39.8478;-16.9047;-39252;72147;-25311;-16.9646;33.9292;-11.3097;0.615385;0.538462;0.179487;0.251513;-0.623846;-0.0854701;898.021;516.059;91.2018;-0.051733;-2.4659;2.28882e-05;
6604.58;0.00871557;-0.0996195;0;-22.9431;39.8478;-16.9047;-39363;72362;-25384;-19.792;33.9292;-14.1372;0.512821;0.512821;0.205128;0.177538;-0.581128;-0.0683761;897.798;514.492;91.199;0.351508;-2.88551;-0.00280762;
6635.66;0.00871557;-0.0996195;0;-22.9431;39.8478;-16.9047;-39580;72765;-25524;-19.792;36.7566;-11.3097;0.487179;0.615385;0.179487;0.177538;-0.632462;-0.017094;897.35;513.598;90.8013;0.800551;-1.65543;-0.39769;
6667.61;0.00871557;-0.0996195;0;-22.9431;39.8478;-16.9047;-39801;73175;-25657;-19.792;36.7566;-11.3097;0.512821;0.410256;0.179487;0.192333;-0.504179;-0.0940171;897.35;512.255;91.6023;-0.0689681;-2.46548;0.800995;
6699.67;0.00871557;-0.0996195;0;-22.9431;39.8478;-16.9047;-39910;73391;-25731;-19.792;33.9292;-11.3097;0.384615;0.461538;0.205128;0.103564;-0.504231;-0.042735;896.903;510.465;91.6024;0.731348;-3.31023;1.52588e-05;
6730.6;0.00871557;-0.0996195;0;-22.9431;39.8478;-16.9047;-40136;73796;-25866;-16.9646;36.7566;-14.1372;0.333333;0.461538;0.230769;0.0591795;-0.495692;-0.034188;896.903;510.465;91.6024;0;0;0;
6760.66;0.00871557;-0.0996195;0;-22.9431;39.8478;-16.9047;-40353;74209;-26010;-16.9646;33.9292;-11.3097;0.512821;0.538462;0.153846;0.207128;-0.581154;-0.042735;896.679;508.899;91.2018;0.351367;-2.88553;-0.40052;
6791.61;0.00871557;-0.0996195;0;-22.9431;39.8478;-16.9047;-40568;74618;-26154;-19.792;33.9292;-11.3097;0.538462;0.615385;0.153846;0.221923;-0.641;-0.025641;896.679;507.78;91.3979;-0.0501404;-2.0547;0.196053;
6822.61;0.00871557;-0.0996195;0;-22.9431;39.8478;-16.9047;-40677;74818;-26223;-16.9646;36.7566;-14.1372;0.461538;0.641026;0.282051;0.103564;-0.675179;-0.034188;896.455;506.661;91.0003;0.37587;-2.06219;-0.397636;
6853.62;0.00871557;-0.0996195;0;-22.9431;39.8478;-16.9047;-40898;75230;-26368;-19.792;36.7566;-11.3097;0.512821;0.589744;0.25641;0.147949;-0.649513;-0.0598291;896.008;505.319;91.8094;0.745335;-2.49122;0.809181;
6885.63;0.00871557;-0.0996195;0;-22.9431;39.8478;-16.9047;-41112;75642;-26524;-19.792;39.5841;-14.1372;0.512821;0.564103;0.0769231;0.251513;-0.572641;-0.00854701;896.008;503.753;91.6135;-0.081021;-2.87627;-0.195908;
6916.64;0.00871557;-0.0996195;0;-22.9431;39.8478;-16.9047;-41221;75845;-26596;-19.792;33.9292;-11.3097;0.538462;0.512821;0.205128;0.192333;-0.589667;-0.0769231;895.784;502.186;92.0025;0.311014;-2.89004;0.388992;
6948.62;0.00871557;-0.0996195;0;-22.9431;39.8478;-16.9047;-41436;76257;-26744;-19.792;36.7566;-11.3097;0.538462;0.692308;0.102564;0.251513;-0.675231;0.017094;895.112;500.844;91.8094;1.15694;-2.50423;-0.193085;
6980.65;0.00871557;-0.0996195;0;-22.9431;39.8478;-16.9047;-41643;76669;-26889;-16.9646;36.7566;-14.1372;0.461538;0.487179;0.153846;0.177538;-0.529872;-0.042735;895.112;499.725;91.6024;-0.0574737;-2.05457;-0.207077;
7012.63;0.00871557;-0.0996195;0;-22.9431;39.8478;-16.9047;-41864;77067;-27035;-19.792;33.9292;-11.3097;0.358974;0.564103;0.128205;0.133154;-0.538487;0.025641;895.336;498.606;92.0168;-0.483886;-2.03949;0.414413;
7044.61;0.00871557;-0.0996195;0;-22.9431;39.8478;-16.9047;-41983;77277;-27107;-19.792;39.5841;-11.3097;0.487179;0.666667;0.25641;0.133154;-0.692282;-0.025641;894.889;496.816;92.0025;0.708205;-3.31537;-0.0142212;
7076.63;0.00871557;-0.0996195;0;-22.9431;39.8478;-16.9047;-42195;77677;-27251;-19.792;36.7566;-14.1372;0.384615;0.333333;0.307692;0.0443846;-0.452872;-0.119658;894.889;495.698;92.2095;-0.0792394;-2.05373;0.207001;
7108.62;0.00871557;-0.0996195;0;-22.9431;39.8478;-16.9047;-42421;78083;-27381;-19.792;33.9292;-11.3097;0.384615;0.641026;0.307692;0.0443846;-0.658103;-0.017094;893.994;494.355;92.2096;1.55082;-2.52812;7.62939e-05;
7138.62;0.00871557;-0.0996195;0;-22.9431;39.8478;-16.9047;-42654;78498;-27528;-19.792;36.7566;-14.1372;0.307692;0.538462;0.179487;0.0739744;-0.521385;0.017094;893.994;494.355;92.2096;0;0;0;
7168.65;0.00871557;-0.0996195;0;-22.9431;39.8478;-16.9047;-42767;78697;-27594;-16.9646;39.5841;-11.3097;0.410256;0.487179;0.358974;0.0295897;-0.581103;-0.0940171;893.77;493.013;92.4027;0.308054;-2.48143;0.1931;
7200.6;0.00871557;-0.0996195;0;-22.9431;39.8478;-16.9047;-42996;79101;-27736;-19.792;33.9292;-14.1372;0.282051;0.589744;0.282051;0;-0.581205;0.00854701;893.994;491.446;92.0025;-0.512111;-2.86132;-0.400177;
7231.69;0.00871557;-0.0996195;0;-22.9431;39.8478;-16.9047;-43230;79512;-27877;-19.792;39.5841;-11.3097;0.179487;0.538462;0.25641;-0.0443846;-0.504308;0.034188;893.546;490.328;92.1956;0.744277;-2.08536;0.193085;
7261.66;0.00871557;-0.0996195;0;-22.9431;39.8478;-16.9047;-43455;79916;-28023;-22.6195;36.7566;-11.3097;0.564103;0.435897;0.153846;0.236718;-0.529821;-0.0940171;892.875;488.761;92.6124;1.103;-2.93084;0.416733;
7292.65;0.00871557;-0.0996195;0;-22.9431;39.8478;-16.9047;-43571;80125;-28092;-19.792;36.7566;-11.3097;0.333333;0.538462;0.25641;0.0443846;-0.555538;-0.017094;893.099;487.643;92.1956;-0.49025;-2.03797;-0.416733;
7324.66;0.00871557;-0.0996195;0;-22.9431;39.8478;-16.9047;-43794;80540;-28238;-19.792;33.9292;-11.3097;0.358974;0.410256;0.0769231;0.162744;-0.418795;-0.00854701;892.875;485.853;92.4027;0.273584;-3.30291;0.207092;
7356.63;0.00871557;-0.0996195;0;-22.9431;39.8478;-16.9047;-44029;80950;-28377;-16.9646;33.9292;-11.3097;0.358974;0.307692;0.25641;0.0591795;-0.410154;-0.102564;892.651;484.734;92.8025;0.31083;-2.07299;0.399727;
7387.7;0.00871557;-0.0996195;0;-22.9431;39.8478;-16.9047;-44145;81166;-28454;-19.792;36.7566;-14.1372;0.358974;0.230769;0.153846;0.118359;-0.324692;-0.0940171;892.427;483.168;92.7997;0.270775;-2.89414;-0.00279999;
7419.63;0.00871557;-0.0996195;0;-22.9431;39.8478;-16.9047;-44367;81572;-28599;-22.6195;31.1018;-11.3097;0.333333;0.589744;0.25641;0.0443846;-0.589744;0;892.204;481.825;91.7954;0.334336;-2.47808;-1.00422;
7451.64;0.00871557;-0.0996195;0;-22.9431;39.8478;-16.9047;-44597;81999;-28739;-19.792;36.7566;-11.3097;0.153846;0.384615;0.153846;0;-0.359;0.025641;891.98;480.483;92.4027;0.308051;-2.48149;0.607292;
7482.61;0.00871557;-0.0996195;0;-22.9431;39.8478;-16.9047;-44818;82424;-28886;-19.792;36.7566;-11.3097;0.487179;0.25641;0.153846;0.192333;-0.384487;-0.128205;891.98;478.693;92.4027;-0.137866;-3.28565;0;
7514.61;0.00871557;-0.0996195;0;-22.9431;39.8478;-16.9047;-44930;82621;-28960;-22.6195;39.5841;-11.3097;0.461538;0.692308;0.102564;0.207128;-0.649615;0.0427351;891.532;477.797;92.386;0.754457;-1.67716;-0.0167694;
7546.66;0.00871557;-0.0996195;0;-22.9431;39.8478;-16.9047;-45164;83035;-29105;-19.792;36.7566;-11.3097;0.25641;0.461538;0.230769;0.0147949;-0.470077;-0.00854701;891.309;475.784;92.8025;0.230326;-3.71526;0.416504;
7578.66;0.00871557;-0.0996195;0;-22.9431;39.8478;-16.9047;-45392;83456;-29251;-19.792;33.9292;-11.3097;0.410256;0.358974;0.179487;0.133154;-0.435821;-0.0769231;890.861;475.336;92.8025;0.782443;-0.861435;0;
7610.62;0.00871557;-0.0996195;0;-22.9431;39.8478;-16.9047;-45615;83863;-29390;-19.792;36.7566;-11.3097;0.333333;0.589744;0.179487;0.0887692;-0.564128;0.025641;890.638;473.546;92.5928;0.262628;-3.30375;-0.209656;
7641.53;0.00871557;-0.0996195;0;-22.9431;39.8478;-16.9047;-45736;84064;-29460;-19.792;33.9292;-14.1372;0.384615;0.615385;0.25641;0.0739744;-0.623923;-0.00854701;890.638;472.204;92.5928;-0.111573;-2.46387;-7.62939e-06;
7671.57;0.00871557;-0.0996195;0;-22.9431;39.8478;-16.9047;-45966;84475;-29604;-19.792;33.9292;-11.3097;0.384615;0.538462;0.25641;0.0739744;-0.572615;-0.034188;889.966;470.638;92.5928;1.104;-2.93041;7.62939e-06;
7701.57;0.00871557;-0.0996195;0;-22.9431;39.8478;-16.9047;-46177;84871;-29745;-19.792;36.7566;-14.1372;0.461538;0.461538;0.128205;0.192333;-0.504231;-0.042735;889.742;469.295;93.2022;0.273395;-2.4856;0.609375;
7731.54;0.00871557;-0.0996195;0;-22.9431;39.8478;-16.9047;-46291;85077;-29821;-19.792;36.7566;-11.3097;0.538462;0.74359;0.230769;0.177538;-0.752128;-0.00854701;889.742;469.295;93.2022;0;0;0;
7762.65;0.00871557;-0.0996195;0;-22.9431;39.8478;-16.9047;-46509;85484;-29967;-16.9646;33.9292;-14.1372;0.512821;0.435897;0.153846;0.207128;-0.512744;-0.0769231;889.742;467.729;92.5928;-0.130167;-2.87446;-0.609375;
7792.57;0.00871557;-0.0996195;0;-22.9431;39.8478;-16.9047;-46726;85875;-30107;-19.792;36.7566;-11.3097;0.512821;0.435897;0.25641;0.147949;-0.546897;-0.111111;889.295;466.386;92.9899;0.693857;-2.50599;0.397095;
7822.63;0.00871557;-0.0996195;0;-22.9431;39.8478;-16.9047;-46835;86086;-30183;-19.792;33.9292;-14.1372;0.487179;0.512821;0.153846;0.192333;-0.555513;-0.042735;889.295;465.267;92.4027;-0.0861678;-2.05357;-0.587173;
7852.55;0.00871557;-0.0996195;0;-22.9431;39.8478;-16.9047;-47053;86493;-30328;-19.792;36.7566;-11.3097;0.538462;0.410256;0.230769;0.177538;-0.529795;-0.119658;889.071;463.925;92.9925;0.282491;-2.48453;0.589798;
7883.53;0.00871557;-0.0996195;0;-22.9431;39.8478;-16.9047;-47277;86903;-30470;-16.9646;36.7566;-11.3097;0.487179;0.538462;0.153846;0.192333;-0.572615;-0.034188;889.071;462.582;92.5928;-0.111574;-2.46387;-0.399719;
7915.57;0.00871557;-0.0996195;0;-22.9431;39.8478;-16.9047;-47385;87095;-30545;-22.6195;33.9292;-11.3097;0.282051;0.487179;0.205128;0.0443846;-0.48718;-4.96705e-09;888.624;461.016;92.7831;0.682941;-2.91401;0.190292;
7945.6;0.00871557;-0.0996195;0;-22.9431;39.8478;-16.9047;-47610;87509;-30679;-19.792;36.7566;-11.3097;0.358974;0.307692;0.179487;0.103564;-0.384538;-0.0769231;888.624;459.674;92.8024;-0.12059;-2.4635;0.0193329;
7975.56;0.00871557;-0.0996195;0;-22.9431;39.8478;-16.9047;-47835;87917;-30821;-19.792;33.9292;-11.3097;0.384615;0.487179;0.179487;0.118359;-0.512795;-0.025641;888.4;458.331;93.3891;0.265286;-2.48642;0.586716;
8007.61;0.00871557;-0.0996195;0;-22.9431;39.8478;-16.9047;-47948;88111;-30885;-22.6195;36.7566;-14.1372;0.333333;0.487179;0.307692;0.0147949;-0.53841;-0.0512821;888.176;457.436;92.8024;0.330817;-1.6624;-0.5867;
8038.66;0.00871557;-0.0996195;0;-22.9431;39.8478;-16.9047;-48178;88514;-31028;-22.6195;36.7566;-11.3097;0.410256;0.564103;0.179487;0.133154;-0.572641;-0.008547;887.953;455.87;93.2022;0.250436;-2.89598;0.399727;
8070.66;0.00871557;-0.0996195;0;-22.9431;39.8478;-16.9047;-48412;88917;-31166;-19.792;36.7566;-14.1372;0.307692;0.538462;0.102564;0.118359;-0.495769;0.0427351;887.505;454.751;92.9925;0.715201;-2.09551;-0.209625;
8101.67;0.00871557;-0.0996195;0;-22.9431;39.8478;-16.9047;-48632;89310;-31314;-19.792;33.9292;-14.1372;0.333333;0.666667;0.205128;0.0739744;-0.623974;0.042735;887.505;453.185;93.1798;-0.159614;-2.87303;0.187302;
8133.67;0.00871557;-0.0996195;0;-22.9431;39.8478;-16.9047;-48753;89517;-31379;-19.792;33.9292;-11.3097;0.435897;0.74359;0.153846;0.162744;-0.692359;0.0512821;887.057;451.842;92.3859;0.720233;-2.49854;-0.793907;
8165.61;0.00871557;-0.0996195;0;-22.9431;39.8478;-16.9047;-48983;89923;-31525;-22.6195;33.9292;-14.1372;0.205128;0.564103;0.179487;0.0147949;-0.504333;0.0598291;886.61;450.5;93.1798;0.685545;-2.50828;0.793907;
8197.82;0.00871557;-0.0996195;0;-22.9431;39.8478;-16.9047;-49210;90319;-31661;-19.792;39.5841;-11.3097;0.333333;0.589744;0.128205;0.118359;-0.547051;0.042735;886.61;449.381;92.9705;-0.10651;-2.05255;-0.209358;
8229.64;0.00871557;-0.0996195;0;-22.9431;39.8478;-16.9047;-49433;90723;-31812;-19.792;33.9292;-11.3097;0.435897;0.769231;0.0769231;0.207128;-0.683846;0.0854701;886.61;449.381;92.9705;0;0;0;
8260.65;0.00871557;-0.0996195;0;-22.9431;39.8478;-16.9047;-49663;91129;-31958;-19.792;36.7566;-11.3097;0.307692;0.487179;0.025641;0.162744;-0.435949;0.051282;886.162;447.815;93.2022;0.661605;-2.91898;0.231689;
8291.61;0.00871557;-0.0996195;0;-22.9431;39.8478;-16.9047;-49770;91329;-32037;-16.9646;36.7566;-14.1372;0.538462;0.410256;0.128205;0.236718;-0.495641;-0.0854701;885.939;446.92;93.3891;0.313886;-1.66577;0.186966;
8321.65;0.00871557;-0.0996195;0;-22.9431;39.8478;-16.9047;-49989;91747;-32185;-16.9646;36.7566;-14.1372;0.512821;0.358974;0.0512821;0.266308;-0.427282;-0.0683761;885.715;445.13;93.1798;0.228766;-3.30626;-0.20932;
8353.65;0.00871557;-0.0996195;0;-22.9431;39.8478;-16.9047;-50093;91949;-32261;-19.792;39.5841;-14.1372;0.538462;0.538462;0.0512821;0.281103;-0.555538;-0.017094;885.939;444.011;93.6013;-0.540099;-2.02539;0.421432;
8385.6;0.00871557;-0.0996195;0;-22.9431;39.8478;-16.9047;-50308;92369;-32410;-19.792;36.7566;-14.1372;0.564103;0.25641;0.128205;0.251513;-0.401564;-0.145299;885.715;442.445;93.1798;0.251566;-2.89588;-0.421448;
8417.69;0.00871557;-0.0996195;0;-22.9431;39.8478;-16.9047;-50524;92784;-32563;-16.9646;33.9292;-14.1372;0.717949;0.461538;0.153846;0.325487;-0.598154;-0.136752;885.267;440.879;93.7857;0.631841;-2.92557;0.605934;
8449.65;0.00871557;-0.0996195;0;-22.9431;39.8478;-16.9047;-50739;93190;-32699;-19.792;36.7566;-11.3097;0.589744;0.564103;0.282051;0.177538;-0.666564;-0.102564;885.267;439.76;93.5761;-0.1282;-2.05131;-0.209602;
8481.67;0.00871557;-0.0996195;0;-22.9431;39.8478;-16.9047;-50853;93407;-32767;-19.792;33.9292;-14.1372;0.333333;0.333333;0.384615;-0.0295897;-0.46141;-0.128205;884.596;438.194;93.5765;1.05342;-2.94892;0.000350952;
8512.67;0.00871557;-0.0996195;0;-22.9431;39.8478;-16.9047;-51071;93820;-32902;-19.792;33.9292;-14.1372;0.461538;0.564103;0.25641;0.118359;-0.615333;-0.051282;884.596;437.522;94.1842;-0.0899807;-1.22994;0.607742;
8543.88;0.00871557;-0.0996195;0;-22.9431;39.8478;-16.9047;-51293;94229;-33042;-19.792;39.5841;-14.1372;0.589744;0.487179;0.205128;0.221923;-0.589641;-0.102564;883.925;435.956;93.7859;1.04275;-2.95276;-0.398346;
8575.63;0.00871557;-0.0996195;0;-22.9431;39.8478;-16.9047;-51519;94646;-33183;-19.792;36.7566;-14.1372;0.564103;0.410256;0.205128;0.207128;-0.529795;-0.119658;883.925;434.614;93.7859;-0.162847;-2.46095;-7.62939e-06;
8606.53;0.00871557;-0.0996195;0;-22.9431;39.8478;-16.9047;-51623;94845;-33253;-19.792;36.7566;-11.3097;0.512821;0.384615;0.205128;0.177538;-0.495615;-0.111111;883.478;433.048;93.9725;0.62219;-2.9276;0.186607;
8637.55;0.00871557;-0.0996195;0;-22.9431;39.8478;-16.9047;-51849;95256;-33391;-22.6195;33.9292;-11.3097;0.461538;0.666667;0.205128;0.147949;-0.666667;4.96705e-09;883.03;431.705;93.9732;0.650748;-2.51753;0.000747681;
8668.56;0.00871557;-0.0996195;0;-22.9431;39.8478;-16.9047;-51849;95256;-33391;-22.6195;33.9292;-11.3097;0.461538;0.666667;0.205128;0.147949;-0.666667;4.96705e-09;882.583;430.362;93.9725;0.650776;-2.51758;-0.000747681;
8699.55;0.00871557;-0.0996195;0;-22.9431;39.8478;-16.9047;-51849;95256;-33391;-22.6195;33.9292;-11.3097;0.461538;0.666667;0.205128;0.147949;-0.666667;4.96705e-09;882.583;428.796;94.5802;-0.229777;-2.86822;0.607758;
8729.65;0.00871557;-0.0996195;0;-22.9431;39.8478;-16.9047;-51849;95256;-33391;-22.6195;33.9292;-11.3097;0.461538;0.666667;0.205128;0.147949;-0.666667;4.96705e-09;882.583;428.796;94.5802;0;0;0;
8759.56;0.00871557;-0.0996195;0;-22.9431;39.8478;-16.9047;-51849;95256;-33391;-22.6195;33.9292;-11.3097;0.461538;0.666667;0.205128;0.147949;-0.666667;4.96705e-09;882.135;427.454;93.7859;0.658976;-2.51539;-0.794357;
8790.53;0.00871557;-0.0996195;0;-22.9431;39.8478;-16.9047;-51849;95256;-33391;-22.6195;33.9292;-11.3097;0.461538;0.666667;0.205128;0.147949;-0.666667;4.96705e-09;881.911;426.111;94.3685;0.222743;-2.49065;0.582642;
8821.53;0.00871557;-0.0996195;0;-22.9431;39.8478;-16.9047;-51849;95256;-33391;-22.6195;33.9292;-11.3097;0.461538;0.666667;0.205128;0.147949;-0.666667;4.96705e-09;881.911;424.992;94.1842;-0.149964;-2.04984;-0.184296;
8851.54;0.00871557;-0.0996195;0;-22.9431;39.8478;-16.9047;-51849;95256;-33391;-22.6195;33.9292;-11.3097;0.461538;0.666667;0.205128;0.147949;-0.666667;4.96705e-09;881.911;423.426;94.3685;-0.219177;-2.86905;0.184296;
8882.55;0.00871557;-0.0996195;0;-22.9431;39.8478;-16.9047;-53503;98363;-34458;-16.9646;33.9292;-14.1372;0.512821;0.333333;0.179487;0.192333;-0.452872;-0.119658;881.464;421.86;94.1544;0.613003;-2.92957;-0.214104;
8914.63;0.00871557;-0.0996195;0;-22.9431;39.8478;-16.9047;-53618;98564;-34533;-22.6195;39.5841;-14.1372;0.358974;0.461538;0.0512821;0.177538;-0.444462;0.017094;881.464;420.741;95.1944;-0.186084;-2.04693;1.03998;
8946.64;0.00871557;-0.0996195;0;-22.9431;39.8478;-16.9047;-53846;98977;-34668;-19.792;33.9292;-14.1372;0.307692;0.461538;0.307692;0;-0.512769;-0.0512821;881.016;418.951;94.3685;0.57074;-3.34172;-0.82589;
8978.72;0.00871557;-0.0996195;0;-22.9431;39.8478;-16.9047;-54075;99371;-34807;-22.6195;33.9292;-11.3097;0.282051;0.615385;0.333333;-0.0295897;-0.615385;0;881.016;418.056;94.3685;-0.125239;-1.63941;0;
9010.75;0.00871557;-0.0996195;0;-22.9431;39.8478;-16.9047;-54197;99581;-34871;-22.6195;36.7566;-11.3097;0.282051;0.512821;0.282051;0;-0.529897;-0.017094;880.345;416.49;94.7636;0.992205;-2.97018;0.395119;
9042.41;0.00871557;-0.0996195;0;-22.9431;39.8478;-16.9047;-54420;99994;-35021;-19.792;33.9292;-11.3097;0.358974;0.589744;0.0512821;0.177538;-0.529974;0.0598291;880.569;415.371;94.761;-0.580981;-2.01404;-0.0026474;
9073.7;0.00871557;-0.0996195;0;-22.9431;39.8478;-16.9047;-54649;100393;-35162;-19.792;36.7566;-14.1372;0.358974;0.615385;0.0769231;0.162744;-0.555615;0.0598291;879.897;414.029;94.5802;1.03454;-2.55717;-0.18074;
9104.11;0.00871557;-0.0996195;0;-22.9431;39.8478;-16.9047;-54878;100790;-35316;-19.792;33.9292;-11.3097;0.307692;0.538462;0.128205;0.103564;-0.504308;0.034188;879.897;412.686;94.5802;-0.19695;-2.45846;0;
9134.96;0.00871557;-0.0996195;0;-22.9431;39.8478;-16.9047;-55106;101195;-35465;-19.792;36.7566;-11.3097;0.435897;0.692308;0.0769231;0.207128;-0.632538;0.0598291;879.897;412.686;94.5802;0;0;0;
9164.76;0.00871557;-0.0996195;0;-22.9431;39.8478;-16.9047;-55220;101387;-35540;-19.792;33.9292;-11.3097;0.333333;0.692308;0.102564;0.133154;-0.606923;0.0854701;879.45;411.12;94.7636;0.581815;-2.93598;0.183388;
9195.61;0.00871557;-0.0996195;0;-22.9431;39.8478;-16.9047;-55444;101794;-35686;-16.9646;36.7566;-11.3097;0.461538;0.435897;0.0769231;0.221923;-0.470051;-0.034188;879.003;410.001;94.5802;0.656759;-2.11446;-0.183388;
9227.13;0.00871557;-0.0996195;0;-22.9431;39.8478;-16.9047;-55552;101992;-35761;-19.792;36.7566;-14.1372;0.512821;0.769231;0.0512821;0.266308;-0.700923;0.0683761;879.003;408.659;94.5802;-0.196959;-2.45857;0;
9259.04;0.00871557;-0.0996195;0;-22.9431;39.8478;-16.9047;-55773;102405;-35908;-16.9646;36.7566;-14.1372;0.564103;0.641026;0.153846;0.236718;-0.666641;-0.025641;878.779;407.54;94.9777;0.23192;-2.08335;0.397408;
9289.91;0.00871557;-0.0996195;0;-22.9431;39.8478;-16.9047;-55991;102814;-36062;-16.9646;36.7566;-11.3097;0.564103;0.384615;0.0769231;0.281103;-0.47;-0.0854701;878.555;405.75;94.7636;0.137297;-3.31132;-0.21402;
9321.01;0.00871557;-0.0996195;0;-22.9431;39.8478;-16.9047;-56199;103214;-36212;-22.6195;33.9292;-11.3097;0.564103;0.512821;0.0769231;0.281103;-0.555513;-0.042735;878.779;404.631;94.761;-0.580981;-2.01404;-0.00267029;
9353.08;0.00871557;-0.0996195;0;-22.9431;39.8478;-16.9047;-56311;103432;-36291;-19.792;39.5841;-14.1372;0.410256;0.282051;0.025641;0.221923;-0.333282;-0.051282;878.331;402.841;94.7609;0.547842;-3.34555;-7.62939e-05;
9384.86;0.00871557;-0.0996195;0;-22.9431;39.8478;-16.9047;-56526;103848;-36438;-16.9646;33.9292;-14.1372;0.615385;0.282051;0.0512821;0.325487;-0.410128;-0.128205;877.884;401.275;94.9777;0.570853;-2.93802;0.216782;
9416.91;0.00871557;-0.0996195;0;-22.9431;39.8478;-16.9047;-56746;104246;-36584;-19.792;33.9292;-14.1372;0.564103;0.589744;0.230769;0.192333;-0.658051;-0.0683761;877.66;400.156;94.5496;0.247478;-2.08156;-0.428055;
9449.02;0.00871557;-0.0996195;0;-22.9431;39.8478;-16.9047;-56855;104460;-36655;-19.792;36.7566;-14.1372;0.410256;0.435897;0.230769;0.103564;-0.504205;-0.0683761;877.66;398.59;94.7636;-0.23896;-2.86753;0.21402;
9480.9;0.00871557;-0.0996195;0;-22.9431;39.8478;-16.9047;-57068;104859;-36805;-16.9646;33.9292;-11.3097;0.512821;0.461538;0.179487;0.192333;-0.538385;-0.0769231;877.436;397.471;94.3685;0.25406;-2.08071;-0.395119;
9512.94;0.00871557;-0.0996195;0;-22.9431;39.8478;-16.9047;-57290;105269;-36943;-16.9646;36.7566;-14.1372;0.589744;0.538462;0.128205;0.266308;-0.598231;-0.0598291;876.765;395.905;94.7636;0.992205;-2.97018;0.395119;
9544.94;0.00871557;-0.0996195;0;-22.9431;39.8478;-16.9047;-57514;105679;-37084;-19.792;33.9292;-11.3097;0.589744;0.538462;0.333333;0.147949;-0.666538;-0.128205;876.989;394.562;94.9777;-0.62426;-2.4213;0.214111;
9576.9;0.00871557;-0.0996195;0;-22.9431;39.8478;-16.9047;-57730;106088;-37223;-19.792;33.9292;-11.3097;0.589744;0.538462;0.128205;0.266308;-0.598231;-0.0598291;876.094;393.444;95.1588;1.45566;-2.1951;0.181068;
9607.86;0.00871557;-0.0996195;0;-22.9431;39.8478;-16.9047;-57730;106088;-37223;-19.792;33.9292;-11.3097;0.589744;0.538462;0.128205;0.266308;-0.598231;-0.0598291;875.646;391.878;94.9425;0.57265;-2.93773;-0.216286;
9639.94;0.00871557;-0.0996195;0;-22.9431;39.8478;-16.9047;-58056;106692;-37440;-19.792;36.7566;-14.1372;0.435897;0.666667;0.153846;0.162744;-0.641051;0.025641;875.87;390.759;95.3728;-0.602461;-2.00778;0.430321;
9671.9;0.00871557;-0.0996195;0;-22.9431;39.8478;-16.9047;-58279;107089;-37579;-19.792;33.9292;-11.3097;0.461538;0.615385;0.307692;0.0887692;-0.666615;-0.051282;874.975;389.193;95.1539;1.38211;-3.01375;-0.218941;
9702.94;0.00871557;-0.0996195;0;-22.9431;39.8478;-16.9047;-58501;107501;-37717;-16.9646;36.7566;-14.1372;0.589744;0.589744;0.230769;0.207128;-0.66659;-0.0769231;874.975;388.074;95.3729;-0.192458;-2.04634;0.218948;
9734.93;0.00871557;-0.0996195;0;-22.9431;39.8478;-16.9047;-58603;107710;-37795;-19.792;31.1018;-14.1372;0.410256;0.692308;0.153846;0.147949;-0.649615;0.042735;874.975;388.074;95.3729;0;0;0;
9766.96;0.00871557;-0.0996195;0;-22.9431;39.8478;-16.9047;-58830;108103;-37932;-19.792;31.1018;-14.1372;0.282051;0.641026;0.102564;0.103564;-0.555641;0.0854701;874.527;386.731;95.3367;0.590663;-2.53225;-0.0361099;
9798.89;0.00871557;-0.0996195;0;-22.9431;39.8478;-16.9047;-59057;108511;-38081;-16.9646;36.7566;-11.3097;0.512821;0.512821;0.25641;0.147949;-0.598205;-0.0854701;874.304;383.823;94.9425;0.608071;-2.52812;-0.826759;
9828.86;0.00871557;-0.0996195;0;-22.9431;39.8478;-16.9047;-59283;108920;-38225;-19.792;36.7566;-11.3097;0.461538;0.512821;0.128205;0.192333;-0.538436;-0.025641;874.304;383.823;94.9425;0;0;0;
9859.08;0.00871557;-0.0996195;0;-22.9431;39.8478;-16.9047;-59393;109116;-38298;-19.792;36.7566;-11.3097;0.333333;0.74359;0.153846;0.103564;-0.658205;0.0854701;874.08;382.704;95.3729;0.21755;-2.08485;0.430328;
9889.9;0.00871557;-0.0996195;0;-22.9431;39.8478;-16.9047;-59627;109528;-38441;-19.792;39.5841;-14.1372;0.205128;0.512821;0.0512821;0.0887692;-0.427436;0.0854701;873.632;381.137;95.553;0.541314;-2.94372;0.180099;
9919.85;0.00871557;-0.0996195;0;-22.9431;39.8478;-16.9047;-59742;109727;-38512;-19.792;33.9292;-11.3097;0.384615;0.538462;0.205128;0.103564;-0.555538;-0.017094;873.632;380.019;95.3367;-0.191163;-2.04641;-0.216225;
9949.88;0.00871557;-0.0996195;0;-22.9431;39.8478;-16.9047;-59969;110138;-38648;-22.6195;36.7566;-14.1372;0.461538;0.641026;0.307692;0.0887692;-0.683718;-0.042735;872.961;378.9;95.7288;1.024;-2.1683;0.392036;
9979.91;0.00871557;-0.0996195;0;-22.9431;39.8478;-16.9047;-60199;110548;-38788;-22.6195;36.7566;-11.3097;0.230769;0.410256;0.282051;-0.0295897;-0.44441;-0.034188;872.738;377.334;95.3367;0.142279;-2.90334;-0.392021;
10011.9;0.00871557;-0.0996195;0;-22.9431;39.8478;-16.9047;-60310;110747;-38851;-19.792;33.9292;-11.3097;0.282051;0.435897;0.307692;-0.0147949;-0.487128;-0.0512821;872.066;376.439;95.9471;1.05843;-1.7634;0.610374;
10043.9;0.00871557;-0.0996195;0;-22.9431;39.8478;-16.9047;-60539;111160;-38992;-16.9646;33.9292;-14.1372;0.435897;0.615385;0.282051;0.0887692;-0.649539;-0.034188;871.843;374.425;95.9424;0.0265848;-3.72237;-0.00473785;
10075.9;0.00871557;-0.0996195;0;-22.9431;39.8478;-16.9047;-60773;111583;-39133;-19.792;36.7566;-8.4823;0.435897;0.512821;0.282051;0.0887692;-0.581128;-0.0683761;871.619;373.306;95.9471;0.196644;-2.08692;0.0047226;
10107.9;0.00871557;-0.0996195;0;-22.9431;39.8478;-16.9047;-61010;111991;-39275;-19.792;33.9292;-11.3097;0.333333;0.307692;0.102564;0.133154;-0.350385;-0.042735;870.948;371.74;95.9424;0.930907;-2.98985;-0.00475311;
10139.9;0.00871557;-0.0996195;0;-22.9431;39.8478;-16.9047;-61125;112205;-39349;-19.792;36.7566;-14.1372;0.179487;0.641026;0.282051;-0.0591795;-0.581256;0.0598291;870.724;370.397;95.7692;0.161795;-2.49535;-0.173149;
10172;0.00871557;-0.0996195;0;-22.9431;39.8478;-16.9047;-61350;112610;-39490;-22.6195;36.7566;-14.1372;0.307692;0.512821;0.205128;0.0591795;-0.512821;4.96705e-09;870.5;369.055;95.9035;0.155841;-2.49565;0.134285;
10202.9;0.00871557;-0.0996195;0;-22.9431;39.8478;-16.9047;-61576;113030;-39632;-16.9646;39.5841;-14.1372;0.435897;0.205128;0.205128;0.133154;-0.350282;-0.145299;870.724;367.936;96.3376;-0.63618;-1.99735;0.434082;
10234.9;0.00871557;-0.0996195;0;-22.9431;39.8478;-16.9047;-61799;113456;-39786;-19.792;33.9292;-14.1372;0.487179;0.538462;0.179487;0.177538;-0.581154;-0.042735;870.724;367.936;96.3376;0;0;0;
10264.9;0.00871557;-0.0996195;0;-22.9431;39.8478;-16.9047;-62013;113881;-39931;-16.9646;39.5841;-11.3097;0.717949;0.435897;0.153846;0.325487;-0.581051;-0.145299;870.276;366.37;95.7288;0.53229;-2.94525;-0.608803;
10294.9;0.00871557;-0.0996195;0;-22.9431;39.8478;-16.9047;-62123;114083;-40004;-19.792;36.7566;-14.1372;0.538462;0.564103;0.128205;0.236718;-0.598256;-0.034188;869.829;364.58;95.7288;0.491256;-3.35427;1.52588e-05;
10326.9;0.00871557;-0.0996195;0;-22.9431;39.8478;-16.9047;-62342;114497;-40146;-19.792;36.7566;-11.3097;0.487179;0.564103;0.102564;0.221923;-0.572641;-0.008547;869.829;363.461;96.3376;-0.226884;-2.04281;0.608788;
10358.9;0.00871557;-0.0996195;0;-22.9431;39.8478;-16.9047;-62449;114697;-40219;-22.6195;31.1018;-11.3097;0.564103;0.538462;0.128205;0.251513;-0.589692;-0.0512821;869.381;361.895;95.7288;0.532289;-2.94525;-0.608795;
10389;0.00871557;-0.0996195;0;-22.9431;39.8478;-16.9047;-62674;115114;-40357;-22.6195;36.7566;-8.4823;0.461538;0.641026;0.358974;0.0591795;-0.700795;-0.0598291;868.934;360.553;96.5577;0.536563;-2.54432;0.828964;
10418.9;0.00871557;-0.0996195;0;-22.9431;39.8478;-16.9047;-62894;115522;-40485;-19.792;33.9292;-14.1372;0.333333;0.487179;0.410256;-0.0443846;-0.572564;-0.0854701;868.71;358.986;96.1219;0.102596;-2.90503;-0.435883;
10450.9;0.00871557;-0.0996195;0;-22.9431;39.8478;-16.9047;-63117;115916;-40611;-19.792;33.9292;-11.3097;0.384615;0.564103;0.384615;0;-0.63241;-0.0683761;868.039;357.867;96.5128;0.994338;-2.18218;0.390976;
10482.9;0.00871557;-0.0996195;0;-22.9431;39.8478;-16.9047;-63235;116130;-40683;-19.792;36.7566;-11.3097;0.435897;0.589744;0.282051;0.0887692;-0.632436;-0.042735;868.039;356.301;96.3376;-0.317626;-2.85982;-0.175262;
10512.9;0.00871557;-0.0996195;0;-22.9431;39.8478;-16.9047;-63456;116527;-40823;-19.792;36.7566;-8.4823;0.358974;0.666667;0.358974;0;-0.683744;-0.017094;867.815;354.735;96.2971;0.0937106;-2.90533;-0.0404968;
10543.9;0.00871557;-0.0996195;0;-22.9431;39.8478;-16.9047;-63673;116923;-40944;-16.9646;33.9292;-11.3097;0.435897;0.923077;0.358974;0.0443846;-0.880385;0.042735;867.144;353.616;96.3376;1.00101;-2.17913;0.0404968;
10573.9;0.00871557;-0.0996195;0;-22.9431;39.8478;-16.9047;-63779;117124;-41015;-16.9646;31.1018;-11.3097;0.512821;0.794872;0.307692;0.118359;-0.80341;-0.00854702;866.696;352.497;96.5128;0.585183;-2.13547;0.175278;
10603.9;0.00871557;-0.0996195;0;-22.9431;39.8478;-16.9047;-64003;117517;-41150;-16.9646;39.5841;-14.1372;0.435897;0.384615;0.179487;0.147949;-0.461462;-0.0769231;866.249;351.379;96.3375;0.59171;-2.13373;-0.175354;
10634.9;0.00871557;-0.0996195;0;-22.9431;39.8478;-16.9047;-64227;117925;-41300;-22.6195;33.9292;-14.1372;0.384615;0.769231;0.205128;0.103564;-0.709462;0.0598291;866.249;349.812;96.5129;-0.326374;-2.85884;0.175369;
10665.9;0.00871557;-0.0996195;0;-22.9431;39.8478;-16.9047;-64332;118123;-41369;-19.792;36.7566;-11.3097;0.358974;0.538462;0.25641;0.0591795;-0.564077;-0.025641;865.801;348.022;96.5128;0.445304;-3.36074;-1.52588e-05;
10697.9;0.00871557;-0.0996195;0;-22.9431;39.8478;-16.9047;-64553;118530;-41512;-19.792;36.7566;-14.1372;0.564103;0.461538;0.0769231;0.281103;-0.521308;-0.0598291;865.801;346.68;96.5127;-0.279747;-2.45047;-0.0001297;
10729.9;0.00871557;-0.0996195;0;-22.9431;39.8478;-16.9047;-64778;118943;-41654;-16.9646;33.9292;-11.3097;0.615385;0.666667;0.179487;0.251513;-0.709359;-0.042735;865.801;346.68;96.5127;0;0;0;
10761.9;0.00871557;-0.0996195;0;-22.9431;39.8478;-16.9047;-65007;119358;-41810;-19.792;36.7566;-11.3097;0.538462;0.74359;0.153846;0.221923;-0.726513;0.017094;865.578;345.561;96.9046;0.161623;-2.08996;0.39193;
10793.9;0.00871557;-0.0996195;0;-22.9431;39.8478;-16.9047;-65122;119552;-41877;-19.792;33.9292;-11.3097;0.230769;0.666667;0.102564;0.0739744;-0.555667;0.111111;865.801;343.995;96.5127;-0.73541;-2.81214;-0.39193;
10824.9;0.00871557;-0.0996195;0;-22.9431;39.8478;-16.9047;-65343;119961;-42032;-16.9646;33.9292;-14.1372;0.333333;0.564103;0.102564;0.133154;-0.52141;0.0427351;865.13;342.652;96.7286;0.937839;-2.59414;0.215851;
10856.9;0.00871557;-0.0996195;0;-22.9431;39.8478;-16.9047;-65570;120360;-42173;-19.792;36.7566;-14.1372;0.358974;0.692308;0.0769231;0.162744;-0.606923;0.0854701;865.13;341.086;96.9039;-0.345886;-2.8566;0.175377;
10888.9;0.00871557;-0.0996195;0;-22.9431;39.8478;-16.9047;-65801;120762;-42326;-22.6195;36.7566;-11.3097;0.358974;0.512821;0.179487;0.103564;-0.521359;-0.008547;864.682;340.191;96.9046;0.619978;-1.73139;0.000701904;
10921;0.00871557;-0.0996195;0;-22.9431;39.8478;-16.9047;-65914;120961;-42401;-19.792;36.7566;-14.1372;0.333333;0.487179;0.102564;0.133154;-0.470103;0.017094;864.682;338.401;96.9042;-0.395306;-3.26464;-0.000473022;
10952.9;0.00871557;-0.0996195;0;-22.9431;39.8478;-16.9047;-66137;121371;-42548;-19.792;33.9292;-11.3097;0.461538;0.589744;0.0769231;0.221923;-0.572667;0.017094;864.235;337.059;96.9516;0.51906;-2.54794;0.0474396;
10984.9;0.00871557;-0.0996195;0;-22.9431;39.8478;-16.9047;-66366;121776;-42688;-19.792;39.5841;-11.3097;0.307692;0.538462;0.102564;0.118359;-0.495769;0.0427351;863.787;335.94;97.0767;0.56414;-2.14113;0.125084;
11017;0.00871557;-0.0996195;0;-22.9431;39.8478;-16.9047;-66596;122178;-42836;-19.792;36.7566;-14.1372;0.282051;0.615385;0.230769;0.0295897;-0.581231;0.034188;863.34;334.821;96.9046;0.570563;-2.13948;-0.172119;
11048.9;0.00871557;-0.0996195;0;-22.9431;39.8478;-16.9047;-66709;122375;-42903;-22.6195;33.9292;-11.3097;0.358974;0.666667;0.128205;0.133154;-0.606897;0.0598291;862.892;333.031;97.2873;0.399843;-3.36639;0.382744;
11081.1;0.00871557;-0.0996195;0;-22.9431;39.8478;-16.9047;-66934;122781;-43065;-19.792;33.9292;-14.1372;0.435897;0.512821;0.0769231;0.207128;-0.512821;7.45058e-09;862.669;331.241;97.5168;-0.0219208;-3.31415;0.229439;
11112.9;0.00871557;-0.0996195;0;-22.9431;39.8478;-16.9047;-67150;123194;-43226;-19.792;39.5841;-14.1372;0.384615;0.538462;0.025641;0.207128;-0.495769;0.0427351;862.221;329.899;97.1224;0.511462;-2.54948;-0.394333;
11144.1;0.00871557;-0.0996195;0;-22.9431;39.8478;-16.9047;-67373;123599;-43374;-19.792;39.5841;-14.1372;0.358974;0.487179;0.205128;0.0887692;-0.512795;-0.025641;861.774;328.556;97.0721;0.513702;-2.54903;-0.050354;
11175.3;0.00871557;-0.0996195;0;-22.9431;39.8478;-16.9047;-67480;123809;-43453;-16.9646;33.9292;-14.1372;0.589744;0.461538;0.0512821;0.310692;-0.521308;-0.0598291;861.103;327.438;97.5123;0.955902;-2.19916;0.440186;
11206.8;0.00871557;-0.0996195;0;-22.9431;39.8478;-16.9047;-67696;124211;-43602;-19.792;36.7566;-11.3097;0.512821;0.512821;0.128205;0.221923;-0.555513;-0.042735;861.326;326.095;97.2945;-0.721412;-2.39417;-0.217781;
11238.8;0.00871557;-0.0996195;0;-22.9431;39.8478;-16.9047;-67911;124633;-43754;-16.9646;36.7566;-11.3097;0.461538;0.410256;0.153846;0.177538;-0.478564;-0.0683761;861.326;326.095;97.2945;0;0;0;
11270.9;0.00871557;-0.0996195;0;-22.9431;39.8478;-16.9047;-68128;125044;-43898;-19.792;33.9292;-14.1372;0.564103;0.641026;0.102564;0.266308;-0.649564;-0.00854701;860.655;323.41;97.4626;-0.213559;-1.63037;-0.0496597;
11302.7;0.00871557;-0.0996195;0;-22.9431;39.8478;-16.9047;-68239;125249;-43970;-19.792;39.5841;-11.3097;0.512821;0.282051;0.230769;0.162744;-0.435744;-0.153846;859.984;321.844;97.0723;0.871768;-3.00762;-0.390327;
11334.8;0.00871557;-0.0996195;0;-22.9431;39.8478;-16.9047;-68464;125660;-44102;-19.792;33.9292;-11.3097;0.461538;0.589744;0.358974;0.0591795;-0.66659;-0.0769231;859.76;320.501;97.6849;0.0782962;-2.49931;0.612633;
11365.8;0.00871557;-0.0996195;0;-22.9431;39.8478;-16.9047;-68686;126073;-44241;-19.792;36.7566;-11.3097;0.435897;0.666667;0.128205;0.177538;-0.632513;0.034188;859.536;319.383;97.2946;0.147515;-2.09097;-0.390312;
11396.8;0.00871557;-0.0996195;0;-22.9431;39.8478;-16.9047;-68906;126472;-44383;-19.792;36.7566;-11.3097;0.333333;0.589744;0.179487;0.0887692;-0.564128;0.025641;859.536;319.383;97.2946;0;0;0;
11426.7;0.00871557;-0.0996195;0;-22.9431;39.8478;-16.9047;-69021;126687;-44454;-19.792;36.7566;-14.1372;0.589744;0.512821;0.205128;0.221923;-0.606744;-0.0940171;858.865;317.816;97.6849;0.839553;-3.01683;0.390305;
11458.7;0.00871557;-0.0996195;0;-22.9431;39.8478;-16.9047;-69243;127098;-44590;-22.6195;33.9292;-11.3097;0.410256;0.512821;0.384615;0.0147949;-0.606744;-0.0940171;858.865;316.474;98.0664;-0.346196;-2.44197;0.381516;
11488.8;0.00871557;-0.0996195;0;-22.9431;39.8478;-16.9047;-69471;127492;-44719;-19.792;36.7566;-11.3097;0.410256;0.641026;0.307692;0.0591795;-0.666641;-0.025641;858.194;315.355;97.6796;0.949696;-2.20198;-0.386749;
11519.8;0.00871557;-0.0996195;0;-22.9431;39.8478;-16.9047;-69696;127905;-44860;-19.792;33.9292;-11.3097;0.435897;0.589744;0.282051;0.0887692;-0.632436;-0.042735;857.746;313.789;97.8492;0.422938;-2.96304;0.16951;
11550.7;0.00871557;-0.0996195;0;-22.9431;39.8478;-16.9047;-69801;128104;-44929;-19.792;33.9292;-11.3097;0.487179;0.641026;0.230769;0.147949;-0.666641;-0.025641;857.299;312.894;97.9045;0.589679;-1.74189;0.055336;
11582.8;0.00871557;-0.0996195;0;-22.9431;39.8478;-16.9047;-70028;128507;-45073;-19.792;31.1018;-8.4823;0.538462;0.487179;0.25641;0.162744;-0.589641;-0.102564;856.851;311.551;97.8493;0.479076;-2.55576;-0.0551453;
11614.8;0.00871557;-0.0996195;0;-22.9431;39.8478;-16.9047;-70137;128709;-45142;-19.792;36.7566;-11.3097;0.410256;0.358974;0.282051;0.0739744;-0.469974;-0.111111;856.851;311.551;97.8493;0;0;0;
11646.7;0.00871557;-0.0996195;0;-22.9431;39.8478;-16.9047;-70360;129123;-45289;-16.9646;33.9292;-11.3097;0.358974;0.641026;0.0512821;0.177538;-0.564179;0.0769231;857.075;309.985;97.4626;-0.78204;-2.79955;-0.386742;
11678.7;0.00871557;-0.0996195;0;-22.9431;39.8478;-16.9047;-70580;129540;-45432;-22.6195;42.4115;-14.1372;0.410256;0.820513;0.128205;0.162744;-0.72659;0.0940171;856.18;307.076;98.0664;0.00396955;-2.90678;-0.00701141;
11710.7;0.00871557;-0.0996195;0;-22.9431;39.8478;-16.9047;-70804;129959;-45582;-16.9646;39.5841;-11.3097;0.461538;0.333333;0.205128;0.147949;-0.444333;-0.111111;856.404;305.734;97.8493;-0.744786;-2.38704;-0.217064;
11741.8;0.00871557;-0.0996195;0;-22.9431;39.8478;-16.9047;-70914;130161;-45648;-16.9646;36.7566;-11.3097;0.384615;0.564103;0.153846;0.133154;-0.555564;0.00854701;855.733;304.391;98.4622;0.858928;-2.62133;0.612892;
11772.8;0.00871557;-0.0996195;0;-22.9431;39.8478;-16.9047;-71131;130573;-45791;-19.792;36.7566;-11.3097;0.358974;0.717949;0.307692;0.0295897;-0.700872;0.017094;855.733;304.391;98.4622;0;0;0;
11804.7;0.00871557;-0.0996195;0;-22.9431;39.8478;-16.9047;-71351;130972;-45931;-19.792;36.7566;-11.3097;0.333333;0.358974;0.102564;0.133154;-0.38459;-0.025641;855.285;301.482;98.2931;0.399966;-2.96623;-0.169128;
11836.7;0.00871557;-0.0996195;0;-22.9431;39.8478;-16.9047;-71577;131387;-46074;-19.792;33.9292;-14.1372;0.461538;0.564103;0.205128;0.147949;-0.598256;-0.034188;854.838;300.14;99.0709;0.424492;-2.56534;0.777771;
11868.7;0.00871557;-0.0996195;0;-22.9431;39.8478;-16.9047;-71686;131600;-46144;-16.9646;33.9292;-11.3097;0.615385;0.487179;0.230769;0.221923;-0.606718;-0.119658;854.838;300.14;99.0709;0;0;0;
11900.7;0.00871557;-0.0996195;0;-22.9431;39.8478;-16.9047;-71901;132000;-46292;-16.9646;36.7566;-14.1372;0.410256;0.487179;0.0769231;0.192333;-0.48718;-2.48353e-09;854.614;297.679;97.8493;-0.280699;-2.03611;-0.224075;
11932.7;0.00871557;-0.0996195;0;-22.9431;39.8478;-16.9047;-72121;132409;-46437;-16.9646;36.7566;-14.1372;0.384615;0.564103;0.0769231;0.177538;-0.529949;0.034188;854.614;297.679;97.8493;0;0;0;
11964.8;0.00871557;-0.0996195;0;-22.9431;39.8478;-16.9047;-72340;132818;-46586;-19.792;39.5841;-11.3097;0.512821;0.589744;0.25641;0.147949;-0.649513;-0.0598291;853.943;296.112;98.2382;0.810382;-3.0248;0.388832;
11996.7;0.00871557;-0.0996195;0;-22.9431;39.8478;-16.9047;-72445;133011;-46653;-19.792;36.7566;-11.3097;0.538462;0.589744;0.102564;0.251513;-0.60682;-0.017094;853.719;294.546;98.6234;-0.0242788;-2.90663;0.385223;
